episode, reward, success, duration, steps, total_steps, memory length, avg_critic_loss, avg_actor_loss
1201, 85.38115406036377, 1, 1.9135422710096464, 90, 947429,                                             947429, 1.5166731337706247, 14.700078137715657
1202, 72.00882281374652, 1, 7.123255422004149, 426, 947855,                                             947855, 0.8655109750412999, 14.16597650644365
1203, -43.530929043889046, 2, 0.919502853997983, 54, 947909,                                             947909, 0.9494527285849607, 14.878280189302233
1204, -47.409128203988075, 2, 2.5087045449909056, 135, 948044,                                             948044, 0.890296608430368, 14.135912979973687
1205, 40.66195539123146, 1, 7.53851504100021, 464, 948508,                                             948508, 0.8491206797289437, 14.028236124022254
1206, -46.912004202604294, 2, 1.3065972159965895, 63, 948571,                                             948571, 0.7491651328783187, 13.945767826504177
1207, -11.22654817206785, 2, 2.921645336988149, 173, 948744,                                             948744, 0.9540466717901946, 14.266984575745687
1208, 26.28092367167119, 1, 6.519005597001524, 382, 949126,                                             949126, 0.8910536893999389, 13.635403659331237
1209, 55.36473876715172, 1, 4.128840292003588, 250, 949376,                                             949376, 0.8655489057302475, 13.973557704925538
1210, -86.69796632230282, 2, 2.7119484639988514, 148, 949524,                                             949524, 0.8921993854078086, 13.930055334761336
1211, 46.613051883876324, 1, 5.832626353003434, 361, 949885,                                             949885, 0.8998589962308097, 13.62065512585838
1212, 46.94979849900119, 1, 4.511762490001274, 266, 950151,                                             950151, 0.8074867105797717, 13.6908521508812
1213, -70.85699924826622, 2, 1.1184855280007469, 61, 950212,                                             950212, 0.850895463931756, 13.291367171240635
1214, 6.010874895961024, 1, 4.118576079999912, 237, 950449,                                             950449, 0.8872106338100594, 13.540056188398273
1215, -39.004159450065345, 1, 8.542520842995145, 527, 950976,                                             950976, 0.8416444248673586, 13.73849157318897
1216, -85.78788608312607, 2, 0.902939981999225, 37, 951013,                                             951013, 0.80858457732845, 13.760292710484686
1217, 66.97956664123922, 1, 5.1275672699994175, 313, 951326,                                             951326, 0.8404671854485338, 13.630737038085256
1218, -2.4777589687510044, 1, 5.119498361003934, 296, 951622,                                             951622, 0.8524920247696541, 13.624900010791984
1219, -1.5766628759447485, 1, 6.7379932700132485, 414, 952036,                                             952036, 0.9423177330102321, 13.79613654970547
1220, 64.90482836554293, 1, 5.11729237200052, 294, 952330,                                             952330, 0.8676432647875377, 13.74306007631782
1221, 64.91318787657656, 1, 4.801205919007771, 288, 952618,                                             952618, 0.8662819349103503, 13.911080810758802
1222, 26.318437807727605, 1, 5.319622063005227, 308, 952926,                                             952926, 0.9338477711592402, 14.034067073425689
1223, 36.287443383131176, 1, 6.318197036001948, 371, 953297,                                             953297, 0.9285553139496364, 13.942308141857467
1224, 32.2453807018901, 1, 6.522272059999523, 386, 953683,                                             953683, 0.8938375694455261, 13.884501224972423
1225, -57.46154224872589, 2, 1.3074782399926335, 55, 953738,                                             953738, 1.0675063349983909, 13.844646124406294
1226, 42.966800566995516, 1, 6.521860084001673, 384, 954122,                                             954122, 0.8747188040676216, 13.729419469833374
1227, -30.743434546515346, 1, 5.9356750159931835, 366, 954488,                                             954488, 0.885830931080495, 13.661577127018912
1228, -65.91160762659274, 2, 2.9118573119922075, 167, 954655,                                             954655, 0.8850299087827077, 13.775898231003813
1229, 34.872102200984955, 1, 0.7040725049882894, 30, 954685,                                             954685, 0.9669896145661672, 12.900995826721191
1230, 67.02310338889947, 1, 5.720992647999083, 334, 955019,                                             955019, 0.8622891105220704, 13.954179479690369
1231, 31.8349044562201, 1, 5.588819594006054, 335, 955354,                                             955354, 0.9192607129687693, 13.896665285594429
1232, -41.677623299416155, 2, 6.722351874006563, 395, 955749,                                             955749, 0.8832344662539566, 13.793742816055877
1233, 36.61838275194168, 1, 1.10446469199087, 52, 955801,                                             955801, 0.8398874872005903, 13.915857039965116
1234, -79.00241151888622, 1, 5.931260675992235, 362, 956163,                                             956163, 0.9068052618049126, 13.735207698621803
1235, -55.97174036502838, 2, 1.5028384610050125, 74, 956237,                                             956237, 0.881206779061137, 13.612780506546432
1236, -8.74601123057073, 2, 1.9210390189982718, 105, 956342,                                             956342, 0.9241040610131763, 13.796099181402298
1237, -4.699904496548697, 1, 3.710829884992563, 213, 956555,                                             956555, 0.8994648932291308, 13.852261312690699
1238, 90.3255218535196, 1, 5.523859859997174, 328, 956883,                                             956883, 0.9618400271709372, 13.7663695623235
1239, 22.406144250626312, 1, 6.323249157998362, 367, 957250,                                             957250, 0.916417936619361, 13.641558696528547
1240, 16.328224570663224, 2, 4.919404551998014, 279, 957529,                                             957529, 0.9491024998994712, 13.766417951139498
1241, 62.119984495511744, 1, 3.5726728290028404, 204, 957733,                                             957733, 0.8298197970086453, 13.521372313592948
1242, -51.95459035693784, 2, 5.9238733319944, 343, 958076,                                             958076, 0.9064777592528318, 13.741455902511108
1243, -54.23617120832205, 2, 1.7059268419980071, 79, 958155,                                             958155, 0.7601061410541776, 13.110113204280033
1244, -131.64643798023462, 1, 5.1293436879932415, 311, 958466,                                             958466, 0.8927934569369559, 13.378581157451274
1245, -97.87709468603134, 2, 1.7076626850030152, 86, 958552,                                             958552, 0.8327255148527234, 13.394215057062548
1246, 44.91193714737892, 1, 1.5095716819923837, 73, 958625,                                             958625, 0.9407313629372479, 13.859655569677484
1247, 36.52796921861591, 1, 5.517143342003692, 323, 958948,                                             958948, 0.8798544723367543, 13.455366909688472
1248, -47.805752605199814, 2, 0.920761457993649, 49, 958997,                                             958997, 0.9658625186706076, 13.582655186555824
1249, 72.547006004781, 1, 5.116668318005395, 304, 959301,                                             959301, 0.9729627948254347, 14.069887714950662
1250, -81.23219642043114, 2, 1.1216288059949875, 61, 959362,                                             959362, 0.9609295618338664, 13.40847987815982
1251, -0.20791122823720798, 1, 3.3807737519964576, 196, 959558,                                             959558, 0.8964835081477555, 13.760577024245748
1252, -104.3339895659592, 2, 5.136602220998611, 307, 959865,                                             959865, 0.9220895708966332, 13.698459176364862
1253, 26.991140302619897, 1, 4.311451173998648, 246, 960111,                                             960111, 0.8822015456067838, 13.57478293170774
1254, -0.650028545576788, 1, 5.137830788997235, 317, 960428,                                             960428, 0.8803910153333321, 13.476668338294285
1255, -217.7610900104046, 1, 5.71905132199754, 333, 960761,                                             960761, 0.9021660317708781, 13.404895553359756
1256, 9.812896880786866, 1, 5.736064629003522, 353, 961114,                                             961114, 0.88063568298945, 13.57050723327118
1257, -83.12618327140808, 2, 0.7021589490032056, 30, 961144,                                             961144, 0.8196410407622655, 13.469089333216349
1258, -52.1097245067358, 1, 4.130700636000256, 251, 961395,                                             961395, 0.8607683993905664, 13.539805028543054
1259, 8.432131469045999, 1, 5.724662982989685, 331, 961726,                                             961726, 0.8804567874918532, 13.615457485809786
1260, -23.92611375823617, 2, 6.325218917001621, 378, 962104,                                             962104, 0.914620495425961, 13.351613589695521
1261, -55.09902236610651, 2, 1.5799925879982766, 81, 962185,                                             962185, 0.8254337377018399, 13.513247313322845
1262, 31.695453442633152, 1, 3.512329998993664, 194, 962379,                                             962379, 0.878964981774694, 13.429048211304183
1263, -18.266312633058988, 2, 6.936572969992994, 423, 962802,                                             962802, 0.9470402018539167, 13.724391927110387
1264, 27.613373646046966, 1, 4.110860622997279, 233, 963035,                                             963035, 0.8182340896180771, 13.344250423202187
1265, -29.394818406639388, 2, 7.7391632570070215, 467, 963502,                                             963502, 0.8849880408168604, 13.388990513517719
1266, 16.082177989184856, 1, 3.11107949000143, 178, 963680,                                             963680, 0.8765079379081726, 13.496202859985694
1267, -30.96105255499424, 2, 4.9304575649875915, 299, 963979,                                             963979, 0.9102115973979733, 13.195680018651446
1268, 16.03440746315755, 1, 3.3102911640016828, 188, 964167,                                             964167, 1.0161141111178602, 13.495446555157924
1269, 30.782334019546397, 1, 5.519815442996332, 326, 964493,                                             964493, 0.8754765919746796, 13.465000620648905
1270, -36.85562941431999, 2, 0.9057271079946076, 32, 964525,                                             964525, 0.8792379889637232, 12.995383650064468
1271, 48.0834002247866, 1, 3.5586854870052775, 199, 964724,                                             964724, 0.8148792723015924, 13.295263954143428
1272, 29.69621672714129, 1, 4.516842643002747, 265, 964989,                                             964989, 0.8581516846170966, 13.581798884553729
1273, -36.68314408210426, 2, 6.738722602996859, 412, 965401,                                             965401, 0.9396921731169942, 13.376992155047295
1274, -51.04567912220955, 2, 1.9076789419923443, 102, 965503,                                             965503, 0.9031957358706231, 13.686273761824065
1275, 48.39396680984646, 1, 4.116649417002918, 241, 965744,                                             965744, 0.9181913115176917, 13.298672644429187
1276, 42.74501592665911, 1, 4.517939728000783, 262, 966006,                                             966006, 0.8537265474104699, 13.26241750389565
1277, 22.077490700874478, 1, 4.734443171997555, 286, 966292,                                             966292, 0.9384522469310493, 13.37136327303373
1278, -23.254807874560356, 2, 1.505206760004512, 79, 966371,                                             966371, 0.9175307049026972, 13.210573733607426
1279, 52.78061833418906, 1, 3.91377734800335, 227, 966598,                                             966598, 0.8888716544086187, 13.033926289512197
1280, -11.596339551964775, 2, 3.526061786993523, 210, 966808,                                             966808, 0.918997957451003, 13.261254527455284
1281, 12.677864389494061, 1, 0.7525049399991985, 30, 966838,                                             966838, 1.0098537117242814, 12.920732879638672
1282, 11.533269017701969, 1, 5.317288414007635, 306, 967144,                                             967144, 0.9729102327932719, 13.010979448268616
1283, 14.429396564344643, 1, 8.731650665999041, 521, 967665,                                             967665, 0.8611874224585901, 13.346591257545633
1284, 11.706953676621197, 1, 7.327150608005468, 441, 968106,                                             968106, 0.8982033302454181, 13.222365677762193
1285, 42.12033098039683, 1, 6.7367023679980775, 406, 968512,                                             968512, 0.9310778775825876, 13.100256766004515
1286, -82.2235176563263, 2, 0.7046109439979773, 30, 968542,                                             968542, 1.1112594226996104, 13.447379112243652
1287, 54.638097441755235, 1, 4.326525946991751, 262, 968804,                                             968804, 0.9127234717589299, 13.208370064961091
1288, -36.32826715707779, 2, 0.904099141000188, 37, 968841,                                             968841, 1.01518689297341, 13.99091201215177
1289, -64.35550209879875, 2, 2.51904977299273, 147, 968988,                                             968988, 0.8348933973279941, 13.52372205825079
1290, -56.983947190776234, 2, 3.112547889002599, 167, 969155,                                             969155, 0.8741371833278747, 13.400429251665127
1291, -50.382948172977194, 2, 1.762658574996749, 96, 969251,                                             969251, 0.9649660624563694, 13.480935533841452
1292, 46.74037861637771, 1, 3.727875810000114, 219, 969470,                                             969470, 0.8859422274920494, 13.385933264205445
1293, 0.5025994863826782, 2, 5.319189048008411, 312, 969782,                                             969782, 0.9469010027555319, 13.483556534999456
1294, -28.922047694621142, 2, 1.7088114200014388, 84, 969866,                                             969866, 0.9752536352191653, 13.688677901313419
1295, 48.89644017419778, 1, 3.7262022609938867, 222, 970088,                                             970088, 0.9456057717671266, 13.380003505998904
1296, -14.28259380304371, 2, 7.321760952996556, 430, 970518,                                             970518, 0.9201538020788237, 13.200611938432205
1297, 49.597140628960915, 1, 3.726353554011439, 216, 970734,                                             970734, 0.8411568590888271, 13.349261992507511
1298, 32.32789637193309, 1, 6.52212535100989, 388, 971122,                                             971122, 0.8714576670035874, 13.148815448751154
1299, -31.259289264213294, 2, 4.918897703988478, 286, 971408,                                             971408, 0.9059145368270941, 13.273547537676938
1300, -2.8363872319459915, 2, 1.50574048999988, 73, 971481,                                             971481, 0.8041474374189769, 12.925389655648846
1301, 45.59321797825396, 1, 3.8445440270006657, 217, 971698,                                             971698, 0.9128880209637128, 13.04008692200832
1302, 4.861473283403029, 1, 6.535236196999904, 392, 972090,                                             972090, 0.9721031546288607, 13.231690596561043
1303, -39.88614217936993, 2, 1.3043065439997008, 58, 972148,                                             972148, 0.9117502297820717, 13.3060019591759
1304, 42.9218614787751, 1, 2.5112548720062478, 136, 972284,                                             972284, 0.8509262263336602, 13.235352898345274
1305, 76.77348251180956, 1, 4.915413474009256, 283, 972567,                                             972567, 0.8732011461426429, 13.087589019600157
1306, 31.32098178449087, 1, 6.3222292919963365, 371, 972938,                                             972938, 0.8890754308180026, 13.206340007062229
1307, 73.66861059673829, 1, 4.116360056999838, 240, 973178,                                             973178, 0.9449003012229998, 13.501813060045242
1308, -83.27788400650024, 2, 0.5207458270015195, 30, 973208,                                             973208, 1.0280871798594793, 12.557828585306803
1309, 52.16210946440697, 1, 2.3044046290015103, 119, 973327,                                             973327, 0.8737320233793819, 12.894053751681032
1310, 107.75494208163582, 1, 9.348178964995896, 568, 973895,                                             973895, 0.9050531712111453, 13.135132839142436
1311, -76.39409065246582, 2, 2.1361934900050983, 112, 974007,                                             974007, 0.9176468870469502, 12.753843877996717
1312, 40.37078899145126, 1, 1.1229736180102918, 65, 974072,                                             974072, 0.9070814366524036, 13.032105739300068
1313, 23.845397823992244, 1, 4.315887374992599, 243, 974315,                                             974315, 0.8734451017262023, 13.01677417755127
1314, -9.789305840386078, 2, 6.336264107012539, 384, 974699,                                             974699, 0.9012595552485436, 13.071712465335926
1315, 51.690549611113966, 1, 5.114101546001621, 297, 974996,                                             974996, 0.9151660839114526, 13.119096961487022
1316, 11.460215276572853, 1, 6.534440123999957, 393, 975389,                                             975389, 0.8960899156316849, 12.662688335389582
1317, 44.31954730080906, 1, 3.3108106389991008, 182, 975571,                                             975571, 0.8971817549113389, 13.042301722935267
1318, -13.732240173441824, 1, 5.936488323990488, 356, 975927,                                             975927, 0.9414532170369384, 12.925158313151156
1319, 59.68027541611809, 1, 4.110533854996902, 240, 976167,                                             976167, 0.8970835603773594, 12.814141345024108
1320, 12.73020937856927, 1, 6.922035740004503, 411, 976578,                                             976578, 0.8434338839384761, 12.962320072517487
1321, 14.47956677826005, 1, 8.58114155799558, 524, 977102,                                             977102, 0.963616828256436, 13.007694048735932
1322, 10.359160475898534, 1, 6.523831472004531, 385, 977487,                                             977487, 0.9447118000550704, 13.141055281750567
1323, -59.67621377110481, 2, 1.107001559008495, 45, 977532,                                             977532, 0.8942477941513062, 12.022948413425022
1324, -39.16208143532276, 2, 1.3185767679970013, 72, 977604,                                             977604, 1.0501141498486202, 12.612532423602211
1325, 3.517125918995589, 1, 4.112788477999857, 233, 977837,                                             977837, 0.9725287140950625, 12.96059106450224
1326, 85.64379156858195, 1, 6.929521159996511, 416, 978253,                                             978253, 0.854558436271663, 12.777868819924501
1327, -63.93243468925357, 2, 3.31165873700229, 178, 978431,                                             978431, 0.8957252792093191, 12.557683266950457
1328, -3.7568276301026344, 1, 4.916868461004924, 287, 978718,                                             978718, 0.8682215428726183, 12.837808451170705
1329, -57.65183389186859, 2, 1.3205823680036701, 73, 978791,                                             978791, 0.8647922959229718, 12.38603369830406
1330, 21.239837702014484, 1, 3.1113749960059067, 168, 978959,                                             978959, 0.9469990506768227, 12.968033188865299
1331, -66.13433844340034, 2, 4.562016510011745, 277, 979236,                                             979236, 0.9315244542562574, 12.787828519456223
1332, 6.814017861441243, 1, 3.9112244050047593, 227, 979463,                                             979463, 0.9574494233215433, 12.593183147749711
1333, -32.7825720831388, 2, 6.133397073004744, 372, 979835,                                             979835, 0.8879465749186854, 12.639231938187795
1334, -32.450407773954794, 2, 1.504912944001262, 66, 979901,                                             979901, 0.8564145799839136, 12.611631407882228
1335, 60.47601308982121, 1, 4.333630928013008, 253, 980154,                                             980154, 1.0409091948991707, 12.839786169557232
1336, -37.10428648523521, 2, 5.7173210449982435, 336, 980490,                                             980490, 0.8876940783645425, 12.727375232038044
1337, 41.884117768961005, 1, 5.719522565006628, 337, 980827,                                             980827, 0.8491185931848135, 12.678761172365364
1338, -42.05608597397804, 2, 1.1200125519972062, 55, 980882,                                             980882, 0.9516549663110213, 13.141235941106624
1339, -11.957460145000368, 1, 2.108251690006, 111, 980993,                                             980993, 0.8897261394036783, 12.88277073593827
1340, 68.88834499754012, 1, 4.331277218007017, 262, 981255,                                             981255, 0.8399919256681704, 12.639796897655225
1341, -22.363796204848768, 1, 7.744487351010321, 461, 981716,                                             981716, 0.9005124227602415, 12.739528115038757
1342, -54.512593368534, 2, 3.312966495010187, 184, 981900,                                             981900, 0.9399412721395493, 12.461656821810681
1343, 56.0009290605085, 1, 4.129511876002653, 249, 982149,                                             982149, 0.9641048270296381, 12.525242299918668
1344, -1.0744156511500478, 2, 5.517308031994617, 323, 982472,                                             982472, 0.8939181562547713, 12.552329859128308
1345, 72.51919733156683, 1, 5.317989390008734, 309, 982781,                                             982781, 0.9378147612304749, 12.559672448241596
1346, 40.173360642045736, 1, 7.924610378002399, 474, 983255,                                             983255, 0.934038862900392, 13.020341809791855
1347, -82.49711066484451, 2, 0.9074710889981361, 36, 983291,                                             983291, 0.7538240535391701, 12.472420454025269
1348, 82.94568614824675, 1, 5.517281558000832, 318, 983609,                                             983609, 0.933679795864993, 12.457334425464365
1349, 57.58072864549467, 1, 6.337162384996191, 387, 983996,                                             983996, 0.9093550155637184, 12.531583417601672
1350, -67.27181491535157, 1, 5.3159138319897465, 305, 984301,                                             984301, 0.9377521929193715, 12.624778320750252
1351, -47.515120923519135, 2, 1.5239391350041842, 83, 984384,                                             984384, 0.7382938140128033, 12.483509052230652
1352, 3.0083543807268143, 2, 1.9215666090021841, 110, 984494,                                             984494, 0.842181657390161, 12.361662422526967
1353, 39.64545569822076, 1, 4.516128536997712, 266, 984760,                                             984760, 0.9317233765259721, 12.627310779757966
1354, -21.815721488324925, 2, 6.943026335997274, 417, 985177,                                             985177, 0.8602055284045012, 12.4733357715378
1355, -30.64921446434164, 2, 2.9099263899988728, 155, 985332,                                             985332, 0.8541948293485949, 12.53161084267401
1356, -20.04407775751315, 1, 4.715667586991913, 268, 985600,                                             985600, 0.9069985819619093, 12.313441598593299
1357, -64.32308560609818, 2, 0.9202787510002963, 48, 985648,                                             985648, 1.163655302176873, 13.009944498538971
1358, 50.52523863482202, 1, 3.714070914997137, 216, 985864,                                             985864, 0.9239019366602103, 12.31913204546328
1359, -81.58458018302917, 2, 0.5204796909965808, 30, 985894,                                             985894, 0.8269031524658204, 12.981294091542562
1360, 94.5650165877305, 1, 4.717375269989134, 274, 986168,                                             986168, 0.939777720692384, 12.489720287114164
1361, -7.698902998119593, 2, 6.543814951000968, 395, 986563,                                             986563, 0.9647673836237267, 12.593215684045719
1362, 63.2966510252445, 1, 4.533327684999676, 277, 986840,                                             986840, 0.9548975815626688, 12.470667553292285
1363, -38.15756015852094, 2, 1.7073606540070614, 79, 986919,                                             986919, 1.01525708014452, 12.106220504905604
1364, 23.54721102118492, 1, 0.5233981380006298, 30, 986949,                                             986949, 0.7652549425760905, 12.997784360249836
1365, -354.89565896987915, 1, 7.320491866004886, 440, 987389,                                             987389, 0.9104668233204972, 12.607746279239654
1366, 27.682003013032954, 1, 5.336139284991077, 317, 987706,                                             987706, 0.9378634869864311, 12.63321636302238
1367, -61.78199771698564, 2, 2.5111455930018565, 141, 987847,                                             987847, 1.025024412160224, 12.303176961046583
1368, 48.546952942269854, 1, 5.735178873001132, 348, 988195,                                             988195, 0.9336740207569353, 12.27167652804276
1369, 7.008819426882837, 1, 7.127036679012235, 425, 988620,                                             988620, 0.8757164270737592, 12.503092150968664
1370, -40.586172022468986, 2, 2.9284565200068755, 165, 988785,                                             988785, 0.9949149232922179, 12.87621811953458
1371, -36.92335401463788, 2, 2.513912287002313, 145, 988930,                                             988930, 0.8307244091198362, 12.64286906801421
1372, 50.7599983875989, 1, 5.136141993993078, 314, 989244,                                             989244, 0.9522321086590457, 12.795459258328577
1373, -80.35065221786499, 2, 0.7049386790022254, 30, 989274,                                             989274, 0.886398196220398, 12.33010754585266
1374, 41.82723620533943, 1, 1.7085484080016613, 86, 989360,                                             989360, 0.9983245948719424, 11.914314109225606
1375, 66.91082699369872, 1, 4.316820321997511, 250, 989610,                                             989610, 0.8196631170511246, 12.424433864593507
1376, -48.13242878951132, 2, 1.9217612909997115, 110, 989720,                                             989720, 0.8935382943261754, 12.018750702251088
1377, -0.3537698984146118, 1, 0.7045421619986882, 30, 989750,                                             989750, 0.8579868684212367, 12.715710353851318
1378, 26.57423101691529, 1, 4.918427419004729, 280, 990030,                                             990030, 0.9851978044424738, 12.329705275808061
1379, 81.57743303128518, 1, 8.140855179997743, 496, 990526,                                             990526, 0.8940547055174266, 12.51223233774785
1380, -46.84531408548355, 2, 1.3067249890009407, 66, 990592,                                             990592, 0.8195017404628523, 13.113726139068604
1381, 55.77462704631034, 1, 5.325176395999733, 313, 990905,                                             990905, 0.9250701374520128, 12.249096146787698
1382, 104.77197070480906, 1, 10.538541695001186, 632, 991537,                                             991537, 0.9065705503844008, 12.574483074719392
1383, 44.3143158450257, 1, 4.917972312992788, 288, 991825,                                             991825, 0.9196941204782989, 12.462146835194694
1384, 95.88449196238071, 1, 7.122589292994235, 427, 992252,                                             992252, 0.9635052918969049, 12.47219797933967
1385, 54.56850113408291, 1, 7.527966856010607, 450, 992702,                                             992702, 0.9523907962110307, 12.186237653096518
1386, -36.609890482155606, 2, 1.909233458005474, 101, 992803,                                             992803, 0.8235312449459983, 12.061002320582324
1387, 116.37973252264783, 1, 6.119664890997228, 355, 993158,                                             993158, 0.8702313465971342, 12.386269414928597
1388, -86.56001759477658, 2, 7.140245272006723, 428, 993586,                                             993586, 0.9774351493220463, 12.639463438051884
1389, 41.266400580105255, 1, 5.522619782001129, 329, 993915,                                             993915, 0.9524328848148914, 12.22896872755242
1390, -82.4615409374237, 3, 0.7068624130042735, 30, 993945,                                             993945, 0.9027739614248276, 11.635035514831543
1391, 54.13318952918053, 1, 1.712241658999119, 92, 994037,                                             994037, 0.8354877793918485, 12.291929125785828
1392, -89.49629291763995, 2, 3.1284741179988487, 191, 994228,                                             994228, 0.9372595896583578, 12.38574916280377
1393, 38.263683017125004, 1, 4.513928268002928, 262, 994490,                                             994490, 0.8960733436446153, 12.410508534380497
1394, -59.82704314298462, 2, 6.136092084998381, 371, 994861,                                             994861, 0.9176286098288718, 12.212668262080683
1395, 56.74049406463746, 1, 4.516231856003287, 261, 995122,                                             995122, 0.9289779496375629, 12.048658858770612
1396, 27.07188456764561, 1, 7.145760279003298, 438, 995560,                                             995560, 0.9527928932616699, 12.36322712136186
1397, -52.221425564115634, 2, 4.51498068300134, 259, 995819,                                             995819, 0.8885962834229341, 12.259121689557109
1398, -19.14130388945341, 2, 1.5216767300007632, 84, 995903,                                             995903, 0.9516682777376402, 11.94199680146717
1399, 71.44455218820076, 1, 5.922521261003567, 344, 996247,                                             996247, 0.900392550282007, 12.160590727661932
1400, 31.5230875805064, 1, 6.323809791996609, 373, 996620,                                             996620, 0.8908648579593638, 12.164542660956089
1401, -34.341043289750814, 2, 1.2303930139896693, 58, 996678,                                             996678, 1.0495639741420746, 12.010898976490415
1402, -29.368606387637556, 2, 3.1271949719957775, 184, 996862,                                             996862, 1.0537403509344743, 12.191034630588863
1403, -47.470247531775385, 2, 1.5066848709975602, 74, 996936,                                             996936, 1.0222399226717047, 12.442154536376128
1404, 71.07263446878642, 1, 5.317687579008634, 308, 997244,                                             997244, 0.9250655867062606, 11.95190543168551
1405, -70.09903612732887, 2, 1.306265112987603, 60, 997304,                                             997304, 0.8743640551964442, 12.145463077227275
1406, -6.23951855301857, 1, 3.527512344007846, 208, 997512,                                             997512, 0.9513100291100832, 12.209047704935074
1407, 105.16228046175092, 1, 6.117091024003457, 355, 997867,                                             997867, 0.8648468572488973, 11.770785496268473
1408, -16.12904024994259, 1, 5.716908115995466, 332, 998199,                                             998199, 0.9537545530551887, 12.05057127360838
1409, -39.01557377749123, 2, 6.726993150994531, 391, 998590,                                             998590, 0.9069169678956347, 11.781553977590693
1410, -2.9602092504501343, 2, 1.7079371899890248, 83, 998673,                                             998673, 0.9211033568324813, 12.35063949837742
1411, 44.41729493997991, 1, 3.9249495539988857, 238, 998911,                                             998911, 0.8793405344506272, 12.241458518164498
1412, 18.359149310403154, 1, 9.128282035002485, 549, 999460,                                             999460, 0.9328329107149052, 11.956682215405726
1413, -50.54265668988228, 2, 0.9223339849995682, 42, 999502,                                             999502, 1.073970472528821, 12.0175682363056
1414, 21.736761395586655, 1, 2.9087216930056456, 159, 999661,                                             999661, 1.0426253554581095, 11.972677770650611
1415, -82.22278380393982, 2, 0.522352736996254, 30, 999691,                                             999691, 0.823730265100797, 11.63278284072876
1416, -83.59225420522853, 2, 2.308186462993035, 116, 999807,                                             999807, 1.0025604434054474, 12.299073646808493
1417, -76.45406849379651, 2, 2.9117660080082715, 159, 999966,                                             999966, 0.9442266443240568, 11.845038773878565
1418, -44.88791860546917, 2, 5.133438758988632, 303, 1000269,                                             1000000, 0.9726161584012186, 12.108782451931793
1419, 36.481676163559314, 1, 4.7166263990075095, 269, 1000538,                                             1000000, 0.9809912524037202, 11.982964876416004
1420, -58.156100985535886, 2, 6.338196152006276, 384, 1000922,                                             1000000, 0.869877484627068, 12.17496466388305
1421, 96.64721774263307, 1, 6.701839094006573, 403, 1001325,                                             1000000, 0.9133194133306556, 11.836604051495309
1422, 54.38601655722596, 1, 6.522541461003129, 387, 1001712,                                             1000000, 0.8558550640286093, 11.91646450989006
1423, -80.56207174400333, 2, 7.124996837999788, 423, 1002135,                                             1000000, 0.9470384392191614, 11.723692042889606
1424, -10.105738319456577, 2, 1.5215919780021068, 84, 1002219,                                             1000000, 0.9892190907682691, 11.453144235270363
1425, 7.329603494436014, 1, 3.9159827819967177, 227, 1002446,                                             1000000, 0.9015358114032493, 11.859854070100491
1426, 32.45235506258905, 1, 5.734561454999493, 349, 1002795,                                             1000000, 0.848812446126282, 11.811741177195465
1427, -113.49867272103438, 2, 6.723803707995103, 403, 1003198,                                             1000000, 0.9492888790058439, 11.752209546252457
1428, 59.407416684000054, 1, 4.314800802996615, 248, 1003446,                                             1000000, 0.9376504606296939, 11.810723798890267
1429, 101.9112394355925, 1, 10.33237598600681, 629, 1004075,                                             1000000, 0.9271909221177639, 11.5445498866762
1430, 73.21400831500068, 1, 5.12396890000673, 301, 1004376,                                             1000000, 0.8729891045347005, 11.517781837438033
1431, -60.35024631989654, 2, 8.494716557994252, 507, 1004883,                                             1000000, 0.9054732383238023, 11.610601241771992
1432, 74.12981328525348, 1, 5.720173316003638, 341, 1005224,                                             1000000, 0.9412191192076004, 11.74730574070883
1433, 22.24322351848241, 1, 8.948426066010143, 550, 1005774,                                             1000000, 0.9003334390033375, 11.746483589952643
1434, 1.5414150452706963, 2, 5.113956842003972, 292, 1006066,                                             1000000, 0.9113574901672259, 11.518315780652712
1435, -27.097214616835117, 2, 2.109035433997633, 109, 1006175,                                             1000000, 0.8513264185791716, 11.19371114958317
1436, 51.89881049655378, 1, 4.916835363008431, 282, 1006457,                                             1000000, 0.8994632794501933, 11.812163721585105
1437, -42.85809278488159, 2, 1.1045553400035715, 42, 1006499,                                             1000000, 0.9851292087918236, 11.314026276270548
1438, 67.59889857470989, 1, 6.341763737000292, 384, 1006883,                                             1000000, 0.9487026374942312, 11.59742895886302
1439, -89.66938345180824, 1, 10.9358293920086, 656, 1007539,                                             1000000, 0.8969856037235842, 11.548415384278066
1440, -42.15048912721977, 2, 3.126587970997207, 178, 1007717,                                             1000000, 0.9319903398497721, 11.397846787163381
1441, 46.891659175627865, 1, 6.883586447002017, 411, 1008128,                                             1000000, 0.9782495545064736, 11.432128786750663
1442, 50.865228151204064, 1, 6.537250929992297, 401, 1008529,                                             1000000, 0.9088453217188913, 11.221610898091608
1443, -319.0605581998825, 2, 4.316053393995389, 250, 1008779,                                             1000000, 0.8819241111278534, 11.469755237579346
1444, 49.51146525144577, 1, 1.7091670429945225, 79, 1008858,                                             1000000, 0.8654371228399156, 11.337852321093596
1445, -38.764751361799426, 2, 1.9062020029959967, 90, 1008948,                                             1000000, 0.8437116589811113, 11.110376177893745
1446, 72.72203453225666, 1, 5.717013899993617, 339, 1009287,                                             1000000, 0.9041267636954609, 11.436279308127794
1447, -1.4515317887999117, 1, 9.749557967996225, 602, 1009889,                                             1000000, 0.9690066655707914, 11.299239085362203
1448, -39.874242378398776, 2, 1.3038142940058606, 60, 1009949,                                             1000000, 0.7680127441883087, 11.05009643236796
1449, 65.59823857713491, 1, 4.517795113002649, 254, 1010203,                                             1000000, 0.9625219445763611, 10.876322908898977
1450, -26.970939429360442, 2, 8.330700499995146, 497, 1010700,                                             1000000, 0.8653955403827805, 11.116521402144096
1451, 80.20803916174918, 1, 5.2774660299910465, 328, 1011028,                                             1000000, 0.8961592611924905, 11.425977298399298
1452, 44.15194246615283, 1, 7.122470066999085, 419, 1011447,                                             1000000, 0.9532300241664942, 11.142463532154201
1453, -79.80413007736206, 2, 0.7047248689923435, 30, 1011477,                                             1000000, 0.8015979091326396, 10.229417641957602
1454, 97.37801875528385, 1, 6.336826019003638, 385, 1011862,                                             1000000, 0.8931797384441673, 11.04836511921573
1455, 64.79227788423304, 1, 6.721670740007539, 396, 1012258,                                             1000000, 0.9210302583647497, 11.16806591038752
1456, -82.67861771583557, 2, 0.5203002380003454, 30, 1012288,                                             1000000, 1.131521358092626, 10.954698832829793
1457, 80.74919243936893, 1, 5.320286392001435, 305, 1012593,                                             1000000, 0.9059185891854958, 10.924765396118165
1458, -26.10789306112565, 2, 6.524687017008546, 391, 1012984,                                             1000000, 0.8849509222733091, 10.712089551379309
1459, 84.45416918490082, 1, 6.323915692992159, 366, 1013350,                                             1000000, 0.9174555816122743, 11.070159952171513
1460, 64.67861562551116, 1, 6.535606817997177, 402, 1013752,                                             1000000, 0.9130962493259516, 10.778150681832537
1461, -50.61318276822567, 2, 1.4495390919910278, 76, 1013828,                                             1000000, 0.8814044916316083, 10.811195284128189
1462, 140.12560021324316, 1, 7.527838042995427, 451, 1014279,                                             1000000, 0.8749197722802934, 10.810392170946244
1463, -36.85177919524722, 2, 4.11381908399926, 228, 1014507,                                             1000000, 0.9346641163554108, 10.574432726491962
1464, -59.701582713692915, 2, 2.9276767980045406, 164, 1014671,                                             1000000, 0.8759939766875128, 10.848236206101209
1465, -33.216016863589175, 2, 6.925189158995636, 411, 1015082,                                             1000000, 0.9343405140432418, 10.82681834973268
1466, -16.106559230946004, 2, 1.507275247000507, 72, 1015154,                                             1000000, 1.0705376325382128, 11.034392757548225
1467, 71.43161125387996, 1, 4.931120542998542, 303, 1015457,                                             1000000, 0.9157449157521276, 11.029025729339901
1468, -415.12843285501003, 1, 8.328750329004833, 503, 1015960,                                             1000000, 0.9291194435616373, 10.438371429860473
1469, -82.96350240707397, 2, 0.9052043609990506, 30, 1015990,                                             1000000, 1.1554872532685598, 10.658817672729493
1470, -34.37117271916941, 2, 2.121223997004563, 121, 1016111,                                             1000000, 0.952810503234548, 10.98012367752958
1471, -3.980152051895857, 2, 6.457906961994013, 390, 1016501,                                             1000000, 0.8683421265620451, 10.802041485370733
1472, 29.350416600704193, 1, 3.110448979001376, 177, 1016678,                                             1000000, 0.9671041014167548, 10.997539953996906
1473, 56.58988499734551, 1, 6.540878074985812, 400, 1017078,                                             1000000, 0.8603900377452374, 10.606393712162971
1474, -62.302982956171036, 2, 0.9007365840079729, 37, 1017115,                                             1000000, 0.8251743542181479, 11.212197303771973
1475, 47.267001742264256, 1, 5.534157134999987, 332, 1017447,                                             1000000, 0.8778786056012993, 10.6089510903301
1476, -81.29053497314453, 2, 0.9042403219937114, 30, 1017477,                                             1000000, 1.0878884712855021, 11.298632780710856
1477, 53.94418928097002, 1, 4.12740942700475, 251, 1017728,                                             1000000, 0.9368124841693863, 10.94960220876443
1478, -16.371806553797796, 2, 4.716599405001034, 267, 1017995,                                             1000000, 0.9351982009991278, 11.00469512595666
1479, 30.737310789059848, 1, 6.324195891007548, 369, 1018364,                                             1000000, 0.844502679781539, 10.523459688757816
1480, -77.02481985092163, 3, 0.7075876379967667, 30, 1018394,                                             1000000, 1.0036156098047893, 11.14773899714152
1481, -60.20862149079039, 2, 2.0221225160057656, 114, 1018508,                                             1000000, 0.8399254028734408, 10.494428860513787
1482, -31.33329350897111, 2, 2.7111645249970024, 142, 1018650,                                             1000000, 1.013064462534139, 11.121043235483304
1483, -75.20614253729582, 2, 2.1083312970004044, 109, 1018759,                                             1000000, 0.9428319334983826, 10.860846449475769
1484, 65.26265273838362, 1, 5.734477758000139, 352, 1019111,                                             1000000, 0.8868306418034163, 10.391764237122102
1485, -349.3578456044197, 2, 6.118865436001215, 361, 1019472,                                             1000000, 0.9864727247950112, 10.485815089165008
1486, 88.8545590378344, 1, 6.139694330006023, 375, 1019847,                                             1000000, 0.8834372243086497, 10.537286315282186
1487, -52.668917157221586, 2, 1.5057308210089104, 74, 1019921,                                             1000000, 0.9634146617876517, 10.65463542293858
1488, 54.24703717092052, 1, 5.718419710014132, 333, 1020254,                                             1000000, 0.89163759646115, 10.475125990830385
1489, -36.54646980762482, 2, 0.9077370110026095, 31, 1020285,                                             1000000, 0.8701840965978561, 10.414059500540457
1490, 109.74383419752121, 1, 3.512724899992463, 192, 1020477,                                             1000000, 0.9373115527754029, 10.579527306059996
1491, 12.002521643647924, 1, 8.234700897010043, 512, 1020989,                                             1000000, 0.9080515214591287, 10.248798986431211
1492, 60.19695252785459, 1, 7.126858560994151, 420, 1021409,                                             1000000, 0.8969006772552218, 10.429168602398464
1493, -73.12591886520386, 2, 0.7073170030053006, 30, 1021439,                                             1000000, 0.7812865902980168, 9.823471546173096
1494, 83.89092577208066, 1, 5.11685946599755, 292, 1021731,                                             1000000, 0.8389797090259317, 10.45528616358156
1495, 38.87946015922353, 1, 6.3304406679962995, 385, 1022116,                                             1000000, 0.8922132547025556, 10.464387346862198
1496, -75.58579301834106, 2, 0.9061900070082629, 30, 1022146,                                             1000000, 0.9299652775128683, 9.869359397888184
1497, 66.07577582111116, 1, 5.91952521399071, 351, 1022497,                                             1000000, 0.9468937059413334, 10.318454088988128
1498, -81.63956761360168, 2, 0.722304331997293, 30, 1022527,                                             1000000, 0.7518713295459747, 10.497234678268432
1499, -2.209803515812382, 1, 1.5067912060039816, 69, 1022596,                                             1000000, 0.9619723208572554, 10.655288958895033
1500, -82.37745404243469, 2, 0.7214518529945053, 30, 1022626,                                             1000000, 0.9135252883036932, 10.726373449961345
1501, 0.07309887639712542, 1, 4.030056190997129, 228, 1022854,                                             1000000, 0.9428548273025897, 10.158877282289037
1502, -53.90857983101159, 2, 4.933346874007839, 297, 1023151,                                             1000000, 0.9318787556906742, 10.350767110734676
1503, 55.68827566219261, 1, 5.917237535002641, 352, 1023503,                                             1000000, 0.9375525643541054, 10.51726134612479
1504, -6.876219871162903, 1, 7.924306668006466, 469, 1023972,                                             1000000, 0.9654019496588311, 10.481750496923288
1505, -36.60226992459502, 2, 1.507053677996737, 77, 1024049,                                             1000000, 0.9323892922370465, 10.421067076844054
1506, 113.92010714928642, 1, 7.725527572998544, 452, 1024501,                                             1000000, 0.9327138461897858, 10.259254985151038
1507, -0.6650239732698537, 1, 6.93847021900001, 427, 1024928,                                             1000000, 0.9432047347972209, 10.325362027389383
1508, -64.31547963619232, 2, 1.3055365850013914, 60, 1024988,                                             1000000, 0.9521888345479965, 9.964425190289814
1509, -7.587141211668495, 2, 1.3203826070093783, 73, 1025061,                                             1000000, 1.0617536285968676, 10.05585868391272
1510, 49.60755202756263, 1, 4.715515310992487, 278, 1025339,                                             1000000, 0.8340873769718966, 10.096011639498979
1511, -19.02071673842147, 2, 6.198864609003067, 365, 1025704,                                             1000000, 0.8950803039825126, 9.90791088914218
1512, 80.71199003397487, 1, 5.317996130004758, 307, 1026011,                                             1000000, 0.895204841216923, 9.969240144720295
1513, -58.81478479504585, 2, 1.306989878998138, 60, 1026071,                                             1000000, 0.9603041758139929, 10.101267464955647
1514, 26.972392559051514, 1, 0.5228626789903501, 30, 1026101,                                             1000000, 0.8993708213170369, 10.072147432963053
1515, -274.85733181238174, 1, 5.117950120009482, 297, 1026398,                                             1000000, 0.8579084033315832, 9.587695535184558
1516, 44.320794521365315, 1, 9.147391740989406, 562, 1026960,                                             1000000, 0.9098363129481726, 9.901832891104485
1517, 48.31712614442222, 1, 6.718703481994453, 397, 1027357,                                             1000000, 0.861874706498922, 9.84255893524708
1518, -32.980344501796935, 2, 5.7348733649996575, 341, 1027698,                                             1000000, 0.9285496303762508, 9.89202479603004
1519, 21.10734956525266, 1, 5.518916301996796, 322, 1028020,                                             1000000, 0.8565145677291088, 9.874201709439296
1520, 136.2554989709388, 1, 11.143377895990852, 678, 1028698,                                             1000000, 0.8961981399133142, 10.035630239849597
1521, 85.93321686552372, 1, 6.594875288996263, 390, 1029088,                                             1000000, 0.8774452178906171, 9.798846000280136
1522, -52.28468842804432, 2, 1.7088001539959805, 84, 1029172,                                             1000000, 0.8602812364697456, 9.876353774751935
1523, 78.55918645858765, 1, 2.912295420013834, 155, 1029327,                                             1000000, 0.8418926289004665, 9.706031113286173
1524, 44.54926119511947, 2, 6.335302747000242, 384, 1029711,                                             1000000, 0.9219489916382978, 9.638483775779605
1525, -43.89914083480835, 2, 1.7071925710042706, 78, 1029789,                                             1000000, 0.973673436886225, 9.88116210546249
1526, 63.046321569010615, 1, 4.535558871997637, 265, 1030054,                                             1000000, 0.9540263463866036, 9.641871984949653
1527, 28.067965201102197, 1, 10.13905650000379, 613, 1030667,                                             1000000, 0.9132819346366465, 9.726512043161065
1528, -50.67599582672119, 2, 1.3060342319949996, 59, 1030726,                                             1000000, 0.9099773552458165, 10.129278910362114
1529, 76.8460246892646, 1, 3.1265120479947655, 185, 1030911,                                             1000000, 0.901328633121542, 9.629485189592517
1530, -92.17104132537497, 2, 6.1194621860049665, 354, 1031265,                                             1000000, 0.8775324915762002, 9.733823443536705
1531, 77.10561269414029, 1, 5.562838565994753, 336, 1031601,                                             1000000, 0.8262352706598384, 9.535397258542833
1532, 82.6128137833075, 1, 10.733492473998922, 644, 1032245,                                             1000000, 0.9577989502815727, 9.822117448778627
1533, 27.046259073453257, 2, 5.920275848009624, 344, 1032589,                                             1000000, 0.878185537232216, 9.437446484038997
1534, -17.568076834082603, 2, 1.70758566299628, 84, 1032673,                                             1000000, 0.9906937614792869, 9.347137029681887
1535, 93.16524372436106, 1, 7.13853297199239, 433, 1033106,                                             1000000, 0.8574878810872657, 9.38374588285803
1536, 72.33511446992634, 1, 6.5216098470118595, 380, 1033486,                                             1000000, 0.892779194210705, 9.879425909644679
1537, 70.89315211861685, 1, 6.737215577988536, 411, 1033897,                                             1000000, 0.9238395836666553, 9.294724744021748
1538, -44.808981881302316, 2, 8.327332072993158, 504, 1034401,                                             1000000, 0.8170131525941311, 9.376945333821434
1539, -207.54842703646136, 2, 4.718771790998289, 272, 1034673,                                             1000000, 0.887497485450962, 9.312444837654338
1540, 110.71939185867086, 1, 6.334585054006311, 380, 1035053,                                             1000000, 0.9097239764113175, 9.672517664495267
1541, -29.461011518607847, 2, 4.553285721995053, 269, 1035322,                                             1000000, 0.9807874491666773, 9.445193965195724
1542, 69.85283695317048, 1, 5.7197468259983, 329, 1035651,                                             1000000, 0.9170274809682261, 9.648635013487564
1543, 11.300392334436765, 2, 7.530262187006883, 453, 1036104,                                             1000000, 0.8841727355589667, 9.39926317722329
1544, 8.272143909707665, 2, 5.117492803998175, 296, 1036400,                                             1000000, 0.9724160854679507, 9.689453809647947
1545, -10.239603191614151, 2, 1.506651563991909, 72, 1036472,                                             1000000, 0.9506423821051916, 9.46286424001058
1546, 89.46936393203214, 1, 5.736056901005213, 352, 1036824,                                             1000000, 0.8310094779695977, 9.303820854560895
1547, -104.1046872138977, 2, 0.9035485560016241, 30, 1036854,                                             1000000, 0.842358480890592, 8.6147176583608
1548, -13.35869062168058, 2, 1.5257208310067654, 78, 1036932,                                             1000000, 0.786231470031616, 9.952405422161787
1549, -20.791925156023353, 2, 6.7232485489948886, 399, 1037331,                                             1000000, 0.9031752593684614, 9.367661706188269
1550, -41.88077863107901, 2, 1.7244169909972697, 91, 1037422,                                             1000000, 0.91280283672469, 9.22090704886468
1551, 41.7123009755378, 1, 5.7403763990005245, 339, 1037761,                                             1000000, 0.8469109473678567, 9.175445177562118
1552, 67.50748486770317, 1, 6.335171906990581, 388, 1038149,                                             1000000, 0.8372075781226158, 9.466269685435542
1553, -80.60494256019592, 2, 0.9055242460017325, 30, 1038179,                                             1000000, 0.9969698945681255, 8.880796798070271
1554, 35.20922097808216, 1, 4.930056013006833, 296, 1038475,                                             1000000, 1.0043469255639088, 9.394117109678888
1555, -87.82952281832695, 2, 1.5081321799953002, 73, 1038548,                                             1000000, 0.8323216654666482, 9.224479551184666
1556, -91.12563947564922, 2, 2.3107719809922855, 121, 1038669,                                             1000000, 0.8812748321816941, 9.411800902737074
1557, 76.41776709444821, 1, 5.316391016996931, 305, 1038974,                                             1000000, 0.875988481767842, 9.252217532376774
1558, 121.0037539449113, 1, 9.731621173006715, 581, 1039555,                                             1000000, 0.8757387866456825, 9.192845915558006
1559, -67.57180888316361, 2, 2.3260692119947635, 129, 1039684,                                             1000000, 0.8518453018609867, 9.41469626833302
1560, 38.56719229884766, 1, 5.916920069998014, 349, 1040033,                                             1000000, 0.7645997560468307, 8.887454677789464
1561, -81.60408878326416, 2, 0.7084369090007385, 30, 1040063,                                             1000000, 0.8541270385185877, 9.498592631022136
1562, 29.539713084697723, 1, 0.7235833199956687, 30, 1040093,                                             1000000, 0.8620520651340484, 9.094155422846477
1563, 56.71386936632916, 1, 6.724842236988479, 397, 1040490,                                             1000000, 0.930044821212514, 8.845978418885911
1564, -58.1219297349453, 2, 0.7229421809897758, 36, 1040526,                                             1000000, 0.9489379458957248, 9.544578287336561
1565, -181.09994386788458, 1, 3.512398734994349, 194, 1040720,                                             1000000, 0.871021040014385, 9.203622230549449
1566, 61.677016230882145, 1, 5.3165051600080915, 312, 1041032,                                             1000000, 0.8630656056488172, 8.93286949625382
1567, -93.13840997492662, 2, 8.138236190992757, 491, 1041523,                                             1000000, 0.9726991787583182, 9.09136172928781
1568, 51.97019678738434, 1, 5.719437485997332, 329, 1041852,                                             1000000, 0.9187806665353861, 9.297514832128508
1569, 81.84430697065545, 1, 8.547730767997564, 518, 1042370,                                             1000000, 0.8571787339610022, 8.977615960431375
1570, -50.83025512099266, 2, 1.5061162240017438, 66, 1042436,                                             1000000, 0.8952132960160574, 9.145173152287802
1571, -203.15602829947602, 2, 4.910992990990053, 290, 1042726,                                             1000000, 0.8798043247954599, 9.013091406739992
1572, 116.58034464344382, 1, 4.932568659991375, 302, 1043028,                                             1000000, 0.8857049558139005, 8.923283332231028
1573, -89.88671040534973, 2, 0.9033847899991088, 30, 1043058,                                             1000000, 1.0119835873444876, 8.610510762532552
1574, 3.577452301979065, 2, 1.5078568239987362, 72, 1043130,                                             1000000, 0.7779512475762103, 8.84367322590616
1575, 64.07947858481202, 1, 7.122915165993618, 425, 1043555,                                             1000000, 0.9516323757171631, 9.044805792079252
1576, 88.12271706137108, 1, 7.5426691790053155, 453, 1044008,                                             1000000, 0.8528393491214474, 8.957166771488737
1577, -44.76024420931935, 2, 1.3046168699947884, 60, 1044068,                                             1000000, 0.9991712192694346, 9.123033181826274
1578, 71.50629713758826, 1, 4.922769940996659, 286, 1044354,                                             1000000, 0.8579220204920202, 9.002635783665664
1579, -110.88278338761302, 2, 8.330167453998001, 504, 1044858,                                             1000000, 0.9513901595085387, 8.987983147066737
1580, 77.98705378500745, 1, 5.1337855989986565, 314, 1045172,                                             1000000, 0.8790693029666402, 9.018563100486803
1581, -444.1066642254591, 1, 7.516855000998476, 449, 1045621,                                             1000000, 0.930853401764995, 8.666542977692025
1582, -43.2940624281764, 2, 1.7225626190047478, 98, 1045719,                                             1000000, 0.8844893453072529, 9.039143348226743
1583, 67.76520589902066, 1, 5.519959174998803, 319, 1046038,                                             1000000, 0.8537572265418719, 8.680932142144087
1584, 60.73881982412422, 1, 7.52791479100415, 444, 1046482,                                             1000000, 0.875258240143995, 8.858659700230435
1585, -160.28152009099722, 2, 2.3101963759982027, 122, 1046604,                                             1000000, 0.943684960486459, 9.080328437148548
1586, 73.35796051798388, 1, 6.1260175249917665, 364, 1046968,                                             1000000, 0.904171890937365, 8.780480873781245
1587, -93.35810133814812, 2, 1.5077298499963945, 78, 1047046,                                             1000000, 0.9276212129073266, 8.818020585255745
1588, 81.08082122541964, 1, 3.9159902649989817, 222, 1047268,                                             1000000, 0.8724780508258321, 8.721574286082843
1589, -60.3965599834919, 2, 1.507468649011571, 66, 1047334,                                             1000000, 0.8024582781574943, 8.974354686159076
1590, -24.724140311824158, 2, 1.708055010996759, 84, 1047418,                                             1000000, 0.9189763966770399, 8.798718923614139
1591, 42.117905193706974, 2, 7.087358200995368, 422, 1047840,                                             1000000, 0.8844508849331553, 8.905298372580543
1592, -10.427133075892925, 2, 1.5209932170109823, 78, 1047918,                                             1000000, 0.9182563286561233, 8.178121802134392
1593, 71.75315901322756, 1, 6.124599981005304, 363, 1048281,                                             1000000, 0.944251077973153, 8.727598839226504
1594, 35.36064490134595, 1, 7.328589534008643, 431, 1048712,                                             1000000, 0.9222390987756911, 8.695338782744175
1595, -38.86534567800118, 2, 4.733281545006321, 278, 1048990,                                             1000000, 0.9232880482785135, 8.447134650868477
1596, -44.28749751963187, 2, 1.5072644609899726, 72, 1049062,                                             1000000, 1.0489951881269615, 8.923640466398663
1597, 80.45562438596971, 1, 7.736760276005953, 475, 1049537,                                             1000000, 0.9612583548771708, 8.683053004365219
1598, 75.10244578949641, 1, 7.324090933994739, 441, 1049978,                                             1000000, 0.9021028322157135, 8.82114226585613
1599, -102.2598975757719, 2, 4.929347906989278, 292, 1050270,                                             1000000, 0.8296239306665447, 8.53363652139494
1600, 50.277741470956244, 1, 5.322004133005976, 320, 1050590,                                             1000000, 0.8242926394566894, 8.731479467451573
1601, -19.298059205058962, 2, 8.526959789000102, 515, 1051105,                                             1000000, 0.8809947018484467, 8.620257492204315
1602, 78.81704237509985, 1, 5.935233826996409, 360, 1051465,                                             1000000, 0.8904281077285607, 8.760263148446878
1603, 31.09738572637434, 1, 7.119776595995063, 428, 1051893,                                             1000000, 0.8812126875202232, 8.473965774072665
1604, -57.312995468702866, 2, 5.336268479004502, 317, 1052210,                                             1000000, 0.8355868745489451, 8.330073696581723
1605, -49.15859842766076, 2, 1.7074460110015934, 79, 1052289,                                             1000000, 0.9627001447768151, 8.763324209406406
1606, 74.79240303114057, 1, 5.3186548730009235, 307, 1052596,                                             1000000, 0.9235638596530069, 8.624987098992065
1607, 65.37719908473082, 1, 8.128787505003856, 489, 1053085,                                             1000000, 0.9478302082401112, 8.440515150565554
1608, -88.34530714154243, 2, 0.920769364995067, 42, 1053127,                                             1000000, 0.9884117188907805, 8.561917089280628
1609, 41.56741748796776, 1, 4.917951151001034, 284, 1053411,                                             1000000, 0.9058763923149713, 8.537332791257912
1610, 37.21701682929415, 1, 6.9383664569904795, 422, 1053833,                                             1000000, 0.8740406147252892, 8.45424994572079
1611, -89.02959695536993, 2, 4.6718745160032995, 277, 1054110,                                             1000000, 0.8569412589718719, 8.637610927170364
1612, -16.149546265602112, 2, 1.9077973249950446, 90, 1054200,                                             1000000, 0.8218660434087117, 8.273747762044271
1613, -8.070599460974336, 2, 6.321767294008168, 367, 1054567,                                             1000000, 0.937224007351197, 8.444184846384324
1614, 10.45118698477745, 2, 1.3257213059987407, 72, 1054639,                                             1000000, 0.8029579470554987, 8.28220581677225
1615, 62.55788815690903, 1, 6.729190023004776, 398, 1055037,                                             1000000, 0.9138046920149769, 8.413493845930052
1616, -28.790331789525226, 2, 2.712884317006683, 146, 1055183,                                             1000000, 0.9127856721616772, 8.743708525618462
1617, 21.951489632949233, 1, 4.931354688000283, 302, 1055485,                                             1000000, 0.8769711221488107, 8.299166227413329
1618, -65.55093133449554, 2, 0.9042753819958307, 30, 1055515,                                             1000000, 0.7886803627014161, 8.869834431012471
1619, 75.10238142800517, 1, 5.720154273993103, 334, 1055849,                                             1000000, 0.8670203950769173, 8.572761240119705
1620, 55.27351983007975, 1, 6.942959077990963, 425, 1056274,                                             1000000, 0.8638283926599166, 8.231249222895679
1621, -141.63039149879478, 2, 7.26593494899862, 433, 1056707,                                             1000000, 0.8523222933465283, 8.288851861039706
1622, 59.07890523970127, 2, 4.516526828010683, 259, 1056966,                                             1000000, 0.9104836251744892, 8.147075005019493
1623, 87.1250981267076, 1, 3.931731878008577, 228, 1057194,                                             1000000, 0.8944447741173861, 8.50655620819644
1624, -74.18949640821666, 2, 5.718159675001516, 336, 1057530,                                             1000000, 0.9201731732381242, 8.188561129960275
1625, 98.81506759061085, 1, 7.336853754997719, 451, 1057981,                                             1000000, 0.8677901280692835, 8.26010662198331
1626, 92.91105798978242, 1, 9.329239311991842, 564, 1058545,                                             1000000, 0.9346678225283928, 8.209836670270203
1627, -13.391699515341315, 2, 6.719186002010247, 403, 1058948,                                             1000000, 0.8715645947468192, 8.120177774216343
1628, -1.6975686848163605, 2, 1.7077108660014346, 77, 1059025,                                             1000000, 0.8610128199125265, 8.13100499456579
1629, -47.77366396749858, 2, 3.1272587650018977, 185, 1059210,                                             1000000, 0.9131101009008047, 8.361114959459048
1630, -30.233704607002437, 2, 1.3029334599996218, 61, 1059271,                                             1000000, 1.089995351971173, 8.078714980453741
1631, 70.03726648187148, 1, 6.269363572995644, 378, 1059649,                                             1000000, 0.8568183198650047, 8.150027304414719
1632, 78.69525130826514, 1, 6.740594297996722, 411, 1060060,                                             1000000, 0.9409654166576636, 8.183731532154873
1633, -77.46656084060669, 2, 0.9044914999976754, 30, 1060090,                                             1000000, 0.7874744733174642, 7.641393701235454
1634, 84.18735989229754, 1, 6.122997750004288, 354, 1060444,                                             1000000, 0.8384477841315296, 8.023569482447064
1635, -39.55115421436494, 3, 4.11805291500059, 234, 1060678,                                             1000000, 0.8988290315764582, 8.081081795132059
1636, 25.947907149791718, 2, 2.7111010950029595, 139, 1060817,                                             1000000, 0.8453525304794312, 8.452525349829694
1637, 71.33054960193112, 1, 4.732930573998601, 282, 1061099,                                             1000000, 0.868650198299834, 8.013417271434838
1638, 48.60092333104694, 1, 7.12768557399977, 427, 1061526,                                             1000000, 0.8449127285346494, 7.987467788700756
1639, 71.8233125318634, 1, 5.936061189000611, 355, 1061881,                                             1000000, 0.9498524341784732, 7.959012720282649
1640, -23.58254147824482, 2, 6.922083463010495, 418, 1062299,                                             1000000, 0.8502609125164707, 7.990204109814749
1641, 117.67356545012444, 1, 6.051772979990346, 370, 1062669,                                             1000000, 0.9144771812735377, 7.928071266412735
1642, 79.12480572455388, 1, 7.121628787994268, 425, 1063094,                                             1000000, 0.9021885525479036, 8.095819257848403
1643, -70.80306711792946, 2, 1.7101217259914847, 83, 1063177,                                             1000000, 1.0019734099686863, 8.124552298741168
1644, 101.56203619018197, 1, 6.522099120993516, 381, 1063558,                                             1000000, 0.8851981967922271, 7.885927022442105
1645, -81.40676164627075, 3, 0.9064998659887351, 30, 1063588,                                             1000000, 0.8573026289542516, 8.278459473450978
1646, -23.72968776524067, 2, 1.7252549299882958, 90, 1063678,                                             1000000, 0.9696179111798604, 7.771573996543884
1647, 29.581811978154292, 1, 6.1219905159960035, 358, 1064036,                                             1000000, 0.9303345922484744, 8.029903650949787
1648, 56.19407440892246, 1, 6.739998879987979, 405, 1064441,                                             1000000, 0.8591305890201051, 7.9362862400066705
1649, -31.08932079002261, 2, 1.3050719519960694, 55, 1064496,                                             1000000, 1.0467686582695355, 7.846351276744496
1650, 90.46817330783233, 1, 5.51924433199747, 324, 1064820,                                             1000000, 0.911273563257706, 7.913372348488113
1651, -17.260761044337414, 2, 6.444772324000951, 383, 1065203,                                             1000000, 0.8540729363655608, 7.685601986419439
1652, 70.1207953998819, 1, 5.33383388799848, 317, 1065520,                                             1000000, 0.952444439712759, 8.08164616751746
1653, 20.790207215119153, 1, 9.127011192991631, 550, 1066070,                                             1000000, 0.8904242385517467, 7.84361067685214
1654, -53.049284888693364, 2, 7.122605234995717, 416, 1066486,                                             1000000, 0.8362770718164169, 7.818393296920336
1655, -16.564930468797684, 2, 1.5235970969952177, 78, 1066564,                                             1000000, 0.8229065464857297, 7.856365537032103
1656, -37.29478969621414, 2, 3.51038083799358, 198, 1066762,                                             1000000, 0.8512751065721416, 8.02990992442526
1657, -38.41231942595914, 2, 1.5209635200008051, 78, 1066840,                                             1000000, 0.8786908521866187, 7.867851712764838
1658, 41.23270606726874, 1, 5.516212164002354, 323, 1067163,                                             1000000, 0.8340457383508653, 7.958978070563207
1659, -42.49159759224858, 2, 1.9107077329972526, 98, 1067261,                                             1000000, 0.8964738423118785, 8.0553850470757
1660, 30.1706782579422, 1, 0.9078501180047169, 30, 1067291,                                             1000000, 0.8621420274178188, 7.330898722012837
1661, -102.57799292274285, 2, 2.5884378170012496, 145, 1067436,                                             1000000, 0.9045684218406678, 7.9181095534357535
1662, -31.7074471374508, 2, 1.3202862790058134, 72, 1067508,                                             1000000, 0.769996355391211, 8.427418811453713
1663, 94.38270790124079, 1, 7.725451124002575, 457, 1067965,                                             1000000, 0.9072384567568548, 7.638308677031644
1664, 79.02452018405165, 1, 7.726086729002418, 465, 1068430,                                             1000000, 0.8794045867458467, 7.838745805845465
1665, -107.52081432644627, 2, 6.943103261000942, 416, 1068846,                                             1000000, 0.8243842884325064, 7.729398033366754
1666, -59.28818252682686, 2, 1.9069764080049936, 92, 1068938,                                             1000000, 0.8397108277548915, 7.574379747328551
1667, 89.37557206486235, 1, 6.92519423700287, 413, 1069351,                                             1000000, 0.9088535974158501, 7.771864884413472
1668, -80.20109629631042, 2, 0.903758189000655, 30, 1069381,                                             1000000, 1.0296728263298671, 7.627925650278727
1669, 54.57376530766487, 1, 1.5242525570065482, 78, 1069459,                                             1000000, 0.8734015872081121, 7.651498956558032
1670, -15.962616957578575, 2, 5.516069648001576, 317, 1069776,                                             1000000, 1.0037776460218881, 7.894097691454722
1671, 5.3785586059093475, 2, 1.5657868959970074, 76, 1069852,                                             1000000, 0.9828303017114338, 7.3601381904200505
1672, -37.5129910337273, 2, 2.3084850699960953, 121, 1069973,                                             1000000, 0.8861583358000132, 7.480856614171966
1673, -52.25958373397589, 2, 2.710922614001902, 148, 1070121,                                             1000000, 0.9779622033238411, 7.616149793202813
1674, -31.551122741773725, 2, 1.508352983990335, 72, 1070193,                                             1000000, 0.7977664739721351, 7.797368023130629
1675, 99.27706286427565, 1, 6.138252311007818, 372, 1070565,                                             1000000, 0.8824497326727836, 7.652750862862474
1676, 56.57332101673819, 1, 7.32275273099367, 430, 1070995,                                             1000000, 0.8498804597660553, 7.632367400374523
1677, -27.019226114207413, 2, 5.737172098000883, 346, 1071341,                                             1000000, 0.9196590787241224, 7.5102855818120045
1678, -78.74724066257477, 2, 1.9068126299971482, 92, 1071433,                                             1000000, 0.875386708456537, 7.253589359314545
1679, 73.76290415320545, 1, 5.5226412940101, 323, 1071756,                                             1000000, 0.9104419080281037, 7.707698895097148
1680, 18.448060964641627, 1, 7.3276747110066935, 436, 1072192,                                             1000000, 0.857726621928565, 7.690370887244513
1681, 36.96254727050291, 1, 8.590413479993003, 535, 1072727,                                             1000000, 0.847542319787997, 7.829181283879503
1682, 34.04728337971028, 1, 8.728921846995945, 520, 1073247,                                             1000000, 0.8349571235477924, 7.555965675528233
1683, -81.15454745292664, 2, 0.9063053999998374, 30, 1073277,                                             1000000, 0.977426944176356, 7.645706860224406
1684, 85.49467671941966, 1, 5.117936604990973, 293, 1073570,                                             1000000, 0.8201663607013103, 7.63858027995243
1685, 36.62111915220157, 1, 7.923814255991601, 467, 1074037,                                             1000000, 0.8766392397293442, 7.6198548988560795
1686, -82.93905282020569, 2, 0.7057342850021087, 30, 1074067,                                             1000000, 0.869493818283081, 7.249719429016113
1687, 70.49720681575127, 1, 5.118745564992423, 302, 1074369,                                             1000000, 0.8623231585254733, 7.571745469475424
1688, 28.660227561718784, 1, 8.144871023992891, 502, 1074871,                                             1000000, 0.9046551940806833, 7.726831009900902
1689, -337.44752041995525, 1, 7.924793137994129, 470, 1075341,                                             1000000, 0.8292560492424255, 7.565139173827273
1690, 86.8387631495134, 1, 10.155133381005726, 622, 1075963,                                             1000000, 0.9256805326681812, 7.521898651429694
1691, -142.29143212002236, 2, 2.362247256998671, 131, 1076094,                                             1000000, 1.0060616017297934, 7.827701024426759
1692, -22.06593399756821, 2, 6.7250016790058, 396, 1076490,                                             1000000, 0.9007160440087318, 7.5611413991586724
1693, 20.134115040302277, 2, 2.307755501009524, 114, 1076604,                                             1000000, 0.8176472283769072, 7.99052005274254
1694, 89.65020137571264, 1, 6.739533722007764, 412, 1077016,                                             1000000, 0.8576537942857418, 7.621724640570798
1695, -4.340719662606716, 1, 6.922849009002675, 415, 1077431,                                             1000000, 0.9066028830516769, 7.57482664470213
1696, -79.74337553977966, 2, 0.5226781920064241, 30, 1077461,                                             1000000, 0.8669559021790822, 6.691407958666484
1697, 85.22873224038631, 1, 5.117328553998959, 293, 1077754,                                             1000000, 0.8313155891341968, 7.461520776406897
1698, 28.959921910711273, 1, 8.730849475992727, 524, 1078278,                                             1000000, 0.9088425823409139, 7.6674338467703524
1699, -42.19228997081518, 2, 1.3084590479993494, 65, 1078343,                                             1000000, 0.9640795134581053, 7.338501842205341
1700, -96.64790591597557, 2, 1.9243432220100658, 110, 1078453,                                             1000000, 0.9217334964058616, 7.353334134275263
1701, 30.778065044316463, 1, 7.095836474007228, 422, 1078875,                                             1000000, 0.8751626680671322, 7.260115091128372
1702, -77.96919345855713, 2, 0.5235020209947834, 30, 1078905,                                             1000000, 0.9757176061471303, 7.308374691009521
1703, -0.9387774169445038, 1, 2.909096347997547, 165, 1079070,                                             1000000, 0.8300210353099938, 7.025724414261904
1704, 108.49881614232436, 1, 6.724807921011234, 391, 1079461,                                             1000000, 0.8794358463391013, 7.463885942078613
1705, 78.40049790928606, 1, 7.126932165992912, 420, 1079881,                                             1000000, 0.8909237590574083, 7.382228474673771
1706, 38.63425628216646, 1, 7.523712272988632, 445, 1080326,                                             1000000, 0.8318063839767756, 7.406320698073741
1707, 1.0542316590435803, 1, 10.746806416005711, 666, 1080992,                                             1000000, 0.910281443828577, 7.2668951281735135
1708, -369.33135448396206, 1, 7.930285772992647, 472, 1081464,                                             1000000, 0.8644276952086869, 7.509912057448242
1709, -51.239058673381805, 2, 1.1086368149990449, 46, 1081510,                                             1000000, 0.756478682808254, 7.181936896365622
1710, 29.485290501266718, 1, 5.3185369779967, 311, 1081821,                                             1000000, 0.9498740136623383, 7.475482426847292
1711, 78.48982910433551, 1, 7.3598167070013005, 450, 1082271,                                             1000000, 0.907006871898969, 7.30868665628963
1712, -64.16070004654466, 2, 2.7087522609945154, 146, 1082417,                                             1000000, 0.9906288242503388, 7.185843165606668
1713, -61.76086736470461, 2, 1.9232353889965452, 111, 1082528,                                             1000000, 0.9655674534874994, 7.530593337239446
1714, -35.91061800243915, 2, 2.30476835501031, 123, 1082651,                                             1000000, 0.7315037109987522, 6.995504068165291
1715, -59.4831704236567, 2, 2.5257333789922995, 141, 1082792,                                             1000000, 0.8650076981131912, 7.225234443414296
1716, -34.76263780210866, 2, 2.1086594789958326, 105, 1082897,                                             1000000, 0.9979265644436791, 7.18143637293861
1717, 89.9645646342542, 1, 6.138258970997413, 374, 1083271,                                             1000000, 0.9304383686360191, 7.105899684888156
1718, -79.24315732717514, 2, 1.7022819770063506, 84, 1083355,                                             1000000, 0.8889809765276455, 7.458751328644299
1719, 63.78476196527481, 1, 2.109848993990454, 107, 1083462,                                             1000000, 0.8858883043872976, 7.7434870177340285
1720, -29.33244888484478, 2, 0.9219549480039859, 42, 1083504,                                             1000000, 0.9878245734033131, 7.355044291132972
1721, 10.397195058059879, 1, 4.695315370001481, 271, 1083775,                                             1000000, 0.8917993715108541, 7.3843067391772115
1722, 41.81304631182138, 2, 7.341075360003742, 449, 1084224,                                             1000000, 0.8705893185462612, 7.23333460995243
1723, 21.538187401602045, 1, 3.712875139011885, 211, 1084435,                                             1000000, 0.8454412661175027, 7.4947218070098005
1724, -56.777277615939965, 2, 5.917802051000763, 343, 1084778,                                             1000000, 0.9253623340463499, 7.135797352815161
1725, 75.83088388107717, 1, 4.734664382005576, 283, 1085061,                                             1000000, 0.9316512132491324, 7.400799117113592
1726, -31.37259954214096, 2, 0.9044704749976518, 31, 1085092,                                             1000000, 0.7361660234389766, 7.19962646884303
1727, 75.5701105594635, 1, 2.7101854710053885, 141, 1085233,                                             1000000, 0.8598815042076381, 7.230312224820996
1728, -79.50088119506836, 2, 0.7235746960068354, 30, 1085263,                                             1000000, 0.978003607193629, 7.008356666564941
1729, 36.61588552752801, 1, 4.719454642006895, 273, 1085536,                                             1000000, 0.8625467516782083, 7.305344855610704
1730, -136.16088773310184, 2, 4.917492567998124, 290, 1085826,                                             1000000, 0.9674158436471019, 7.579580590848265
1731, -43.64571613818407, 2, 2.313847844998236, 121, 1085947,                                             1000000, 0.9077104179819754, 7.405865253003175
1732, 47.623584558605216, 2, 6.536068460001843, 390, 1086337,                                             1000000, 0.9251727634515517, 7.312366298223153
1733, 53.70357778976904, 1, 5.117606757004978, 301, 1086638,                                             1000000, 0.7921972420326499, 7.12682151735027
1734, -78.89225268363953, 2, 0.9042316440027207, 30, 1086668,                                             1000000, 0.9362345655759176, 7.807411352793376
1735, 3.153738096356392, 1, 2.724624953989405, 163, 1086831,                                             1000000, 0.9009220737255424, 7.720349883374992
1736, 65.97614855214488, 1, 6.5185360180039424, 390, 1087221,                                             1000000, 0.8537489129946783, 7.298519868881274
1737, -79.500807762146, 2, 0.7047628319996875, 30, 1087251,                                             1000000, 0.7475425024827321, 6.494419050216675
1738, 26.759737968444824, 1, 0.9068009079928743, 30, 1087281,                                             1000000, 1.0248406688372294, 7.608967018127442
1739, 56.63343719531258, 1, 5.73744800798886, 342, 1087623,                                             1000000, 0.9419904080225013, 7.1222731547746045
1740, -120.40107576746959, 2, 5.319037320994539, 304, 1087927,                                             1000000, 0.964090200533208, 7.12128366961291
1741, -26.796358317835256, 2, 1.4611152050056262, 70, 1087997,                                             1000000, 0.8891233418669019, 7.3345805815288
1742, 71.42232610337669, 1, 5.135288281002431, 312, 1088309,                                             1000000, 0.8342970194151769, 6.991822166702686
1743, 21.932631916250102, 1, 8.524642776988912, 509, 1088818,                                             1000000, 0.8977385770478277, 7.122049513289409
1744, 7.750473174150102, 1, 6.341526156000327, 383, 1089201,                                             1000000, 0.9659590894653032, 7.035687906001318
1745, -40.33861763367895, 2, 1.1047983520111302, 53, 1089254,                                             1000000, 0.9447138714340498, 7.619444437746732
1746, 68.94740219693631, 1, 3.9335184270021273, 227, 1089481,                                             1000000, 0.9123718009908819, 7.345540912665984
1747, 32.39856784095173, 1, 6.723925120997592, 393, 1089874,                                             1000000, 0.9185225450962251, 7.0178880997893165
1748, -16.280465360323433, 1, 6.926032935996773, 407, 1090281,                                             1000000, 0.9753217940980737, 7.227433697890298
1749, -137.32204298322904, 2, 4.934288014002959, 290, 1090571,                                             1000000, 0.8700553946453949, 7.328122873552914
1750, 60.00907928158995, 1, 6.317626966992975, 370, 1090941,                                             1000000, 0.8845089214879114, 7.1513935681935905
1751, 80.60128883557263, 1, 7.279679756000405, 437, 1091378,                                             1000000, 0.9075347884841587, 7.043923988904233
1752, -82.20990252494812, 2, 0.7049560599989491, 30, 1091408,                                             1000000, 0.979706197977066, 6.464616982142131
1753, 84.33734272746369, 1, 5.321563067991519, 306, 1091714,                                             1000000, 0.9127353028534284, 7.292049519376817
1754, 39.252853947895346, 1, 7.9281004529912025, 469, 1092183,                                             1000000, 0.8695509276791676, 7.161773533582179
1755, -16.83187309803907, 2, 7.339918098994531, 452, 1092635,                                             1000000, 0.9053410094528072, 7.105088139793514
1756, -91.89985072612762, 2, 1.7083093370019924, 86, 1092721,                                             1000000, 0.8787805337545483, 7.210898221925247
1757, 74.15512477554148, 1, 5.536595484998543, 331, 1093052,                                             1000000, 0.9654697125771975, 7.042075123131455
1758, -47.42385184764862, 2, 0.9048009660036769, 31, 1093083,                                             1000000, 0.9967365639825021, 7.176973785123518
1759, -6.589591205120087, 2, 1.9046339049964445, 96, 1093179,                                             1000000, 0.8605494073902568, 6.866133282581965
1760, 60.568744278280064, 1, 5.734839742988697, 342, 1093521,                                             1000000, 0.8507038374044742, 7.311495848566468
1761, -83.71362900733948, 3, 0.8429434549907455, 30, 1093551,                                             1000000, 0.774587994813919, 7.817639176050822
1762, -37.59764974564314, 2, 1.7093967460095882, 85, 1093636,                                             1000000, 0.8241070806980133, 6.349586420900682
1763, 63.179584892932326, 1, 5.137389394003549, 308, 1093944,                                             1000000, 0.9085624679536014, 7.126905996497575
1764, -59.7783300280571, 2, 1.3045288599969354, 60, 1094004,                                             1000000, 0.7422134310007096, 6.916104031602542
1765, -56.140007853507996, 2, 1.3234450099989772, 66, 1094070,                                             1000000, 0.9916956221515482, 7.505658543471134
1766, -44.92280325293541, 2, 1.306955692009069, 61, 1094131,                                             1000000, 0.8138659786982615, 7.745326251280113
1767, 86.33608293440193, 1, 5.521723678000853, 323, 1094454,                                             1000000, 0.8425524844658264, 6.854065523059006
1768, -166.92855505645275, 2, 5.135834820001037, 303, 1094757,                                             1000000, 0.9709005280099686, 7.213791511633215
1769, 2.9199282974004745, 1, 0.9014597350033, 30, 1094787,                                             1000000, 0.9097715198993683, 7.323872939745585
1770, 74.2336873144377, 1, 5.3346526169916615, 323, 1095110,                                             1000000, 0.8595970610716025, 7.156004790920222
1771, -189.98860114067793, 2, 6.852008128000307, 409, 1095519,                                             1000000, 0.8903773385475784, 7.303518042879174
1772, -3.4751643389463425, 1, 3.1096457189996727, 172, 1095691,                                             1000000, 0.9705874251071797, 7.216861986836721
1773, 7.424920177363674, 2, 4.131606188006117, 248, 1095939,                                             1000000, 1.022494982447355, 7.10660825958175
1774, -23.86202867119573, 2, 1.3062834720039973, 60, 1095999,                                             1000000, 0.8911243518193562, 6.8243650019168856
1775, 69.3697094367817, 1, 4.9190605909971055, 290, 1096289,                                             1000000, 0.8820915228333966, 6.6617068496243705
1776, -21.667642915883334, 2, 7.346563113009324, 441, 1096730,                                             1000000, 0.8764265374261506, 6.9309380978954085
1777, 62.27247892296873, 1, 5.7206508639937965, 331, 1097061,                                             1000000, 0.9565701350524707, 7.150804263227296
1778, -70.47760081291199, 2, 1.124093656995683, 59, 1097120,                                             1000000, 0.9071363796622066, 6.876520851911125
1779, -0.7927893698215485, 1, 0.9032607059925795, 30, 1097150,                                             1000000, 0.8547822932402293, 6.834442011515299
1780, 50.877298999752384, 1, 6.121354481001617, 360, 1097510,                                             1000000, 0.9404515327678786, 7.050499071346389
1781, 70.3624899429633, 1, 7.0412811730057, 429, 1097939,                                             1000000, 0.8837603481360526, 6.77534289182205
1782, 111.16549483255949, 1, 9.332444978994317, 567, 1098506,                                             1000000, 0.8970818669917933, 6.902157724166463
1783, 78.61317411600612, 1, 6.742866877000779, 410, 1098916,                                             1000000, 0.9143314179850788, 6.753818912477028
1784, -37.97367027401924, 2, 1.508284249008284, 71, 1098987,                                             1000000, 0.785159385120365, 6.763178008542934
1785, 70.9373769867234, 1, 5.719034010005998, 337, 1099324,                                             1000000, 0.9247644915955711, 7.0360801823061365
1786, -69.15553626418114, 2, 1.105814905007719, 43, 1099367,                                             1000000, 0.8347010383772295, 6.500197998313016
1787, 12.231653422117233, 2, 1.509104622004088, 74, 1099441,                                             1000000, 0.8393493810215512, 6.834566034175254
1788, 82.63930023729336, 1, 5.9233026030124165, 339, 1099780,                                             1000000, 0.9105572457862111, 6.969713220993678
1789, 25.124308029189706, 1, 8.128515948003042, 469, 1100249,                                             1000000, 0.9258486028673298, 6.635757004973223
1790, -33.40933687076904, 2, 1.5092731280019507, 78, 1100327,                                             1000000, 0.9282569147837467, 6.16317867850646
1791, 69.7232866869308, 1, 5.236796247001621, 309, 1100636,                                             1000000, 0.9259340013693838, 6.54944947082248
1792, -66.991609364748, 2, 1.5028426379867597, 69, 1100705,                                             1000000, 0.9476423647956572, 6.501970697140348
1793, 31.69424656033516, 1, 0.9044988319947151, 33, 1100738,                                             1000000, 0.8760587058284066, 6.655849834283193
1794, -29.977796622111782, 2, 2.1273641209991183, 125, 1100863,                                             1000000, 0.9764693562984467, 6.783979163646698
1795, -33.176906967535615, 2, 1.5061041339940857, 74, 1100937,                                             1000000, 0.8544557751030535, 6.351083353564546
1796, 82.41673153510783, 1, 5.919886074989336, 346, 1101283,                                             1000000, 0.852301609653958, 6.495945324442979
1797, 49.77300990448566, 1, 6.144583500994486, 378, 1101661,                                             1000000, 0.910406026890669, 6.750263673918588
1798, -95.26708281040192, 2, 1.5057858600048348, 66, 1101727,                                             1000000, 0.8476121506907723, 6.843048812765064
1799, -80.04924449324608, 2, 1.7280019320023712, 90, 1101817,                                             1000000, 0.8710505442486869, 6.462591689162784
1800, 52.04336657212116, 1, 5.117454890001682, 300, 1102117,                                             1000000, 0.9411974468827248, 6.562348998785019
1801, 51.62626915599685, 1, 8.43569166099769, 502, 1102619,                                             1000000, 0.8959870205457467, 6.367149267479243
1802, -17.465212122770026, 2, 4.917917163998936, 284, 1102903,                                             1000000, 0.812141330834006, 6.35291209008912
1803, -8.464729726314545, 2, 1.7238343189965235, 97, 1103000,                                             1000000, 0.902569196887852, 6.651244830532172
1804, 69.5205856114626, 1, 6.518969719996676, 386, 1103386,                                             1000000, 0.8903509780687372, 6.431975195136095
1805, 81.35059451067355, 1, 6.7413934109936235, 403, 1103789,                                             1000000, 0.9163834255918971, 6.4130829739807265
1806, -32.2803837028041, 2, 2.307598977989983, 123, 1103912,                                             1000000, 0.8361850989058734, 6.872230200263543
1807, -23.663191531217308, 2, 1.507915640991996, 66, 1103978,                                             1000000, 1.0031024100202504, 6.582537540883729
1808, 46.903105275239795, 2, 5.9369642099918565, 360, 1104338,                                             1000000, 0.8015612379544311, 6.4119957873390785
1809, -31.318497013300657, 2, 1.305951426998945, 61, 1104399,                                             1000000, 0.9928455582407655, 6.730686729071571
1810, 78.68350348761305, 1, 5.317447221998009, 308, 1104707,                                             1000000, 0.9021468055132148, 6.477835768229001
1811, -71.02770283818245, 2, 1.5798199559940258, 76, 1104783,                                             1000000, 0.7989129855444557, 6.6365683698340465
1812, 43.38724082708359, 1, 1.1221482359978836, 55, 1104838,                                             1000000, 0.749711350961165, 6.080262141877955
1813, -15.87216593674384, 2, 5.519144090008922, 324, 1105162,                                             1000000, 0.902840804722574, 6.673368921434438
1814, 58.93351233005524, 1, 1.5254069039947353, 88, 1105250,                                             1000000, 0.9872287477959286, 6.230390744453127
1815, -155.4237871170044, 2, 2.108303665998392, 103, 1105353,                                             1000000, 0.8861340834099112, 6.382736231516866
1816, 72.8357781264931, 1, 4.517999942996539, 264, 1105617,                                             1000000, 0.969434388433442, 6.253622960412141
1817, -109.09643441438675, 2, 3.9294052490004105, 226, 1105843,                                             1000000, 0.9632648240148494, 6.321841869206555
1818, -43.53344193100929, 2, 1.3027669560106006, 60, 1105903,                                             1000000, 1.0538309261202812, 6.613595340649287
1819, -38.18820950598456, 2, 2.7263445610005874, 159, 1106062,                                             1000000, 0.8080481586966125, 6.159840029365611
1820, 15.036167773621855, 2, 5.9198235500080045, 343, 1106405,                                             1000000, 0.8978560070776036, 6.3120552480394565
1821, 62.34481758173206, 1, 5.768168965005316, 339, 1106744,                                             1000000, 0.8595062130320389, 6.368214348512414
1822, -69.6543301641941, 2, 1.1059592099918518, 51, 1106795,                                             1000000, 0.9211127004202675, 6.0532354443681005
1823, 33.853245079517365, 1, 0.5217291400040267, 30, 1106825,                                             1000000, 0.8222726255655288, 6.135592063268025
1824, -113.94503545761108, 2, 1.5057402389938943, 74, 1106899,                                             1000000, 1.0292593192409825, 6.425930077965195
1825, 94.66866144910455, 1, 6.12160575199232, 358, 1107257,                                             1000000, 0.8922685427206188, 6.125089232648551
1826, 56.0215989483404, 1, 6.124968096992234, 360, 1107617,                                             1000000, 0.884775472432375, 6.256549951434136
1827, -72.46403991058469, 2, 1.7231784649920883, 96, 1107713,                                             1000000, 1.0066304178908467, 6.70582177489996
1828, -75.37086527922656, 2, 1.7090364660107298, 85, 1107798,                                             1000000, 1.0631988946129294, 6.267922243651221
1829, 86.58152003120631, 1, 5.319776885007741, 314, 1108112,                                             1000000, 0.930305666035148, 6.351864336592377
1830, 39.8329964641016, 2, 7.944251444001566, 479, 1108591,                                             1000000, 0.9294980645553055, 6.2383795090657435
1831, 47.623993550107116, 1, 5.1758551509992685, 309, 1108900,                                             1000000, 0.9239434598911928, 6.09921821054903
1832, 9.903244844463188, 1, 7.739728394008125, 469, 1109369,                                             1000000, 0.8555916559848704, 6.181351355398133
1833, 2.1165780208884826, 3, 5.9180475719913375, 350, 1109719,                                             1000000, 0.8819757771492004, 6.035087306158883
1834, -27.777794674038887, 2, 1.7083476749976398, 84, 1109803,                                             1000000, 0.8604461440727824, 5.767898932808921
1835, 68.57975610997528, 1, 5.722586201998638, 339, 1110142,                                             1000000, 0.9571483915885993, 6.168175711920128
1836, -37.089556758408435, 1, 6.721487047994742, 399, 1110541,                                             1000000, 0.8915379744275171, 6.023633282136798
1837, -53.45284077525139, 2, 1.3094998650049092, 54, 1110595,                                             1000000, 0.9086301795862339, 5.621823772236153
1838, -47.42475900053978, 2, 1.5220998490112834, 84, 1110679,                                             1000000, 0.9010869775499616, 6.1237184547242665
1839, 2.4971157325198874, 1, 5.718303369998466, 338, 1111017,                                             1000000, 0.9018022924132602, 5.862234809783083
1840, -8.270281159238948, 1, 7.523467240011087, 447, 1111464,                                             1000000, 0.9135456691919024, 5.9605110622359065
1841, -86.61251974105835, 2, 0.5375237429980189, 30, 1111494,                                             1000000, 0.9856395641962687, 5.5626084486643474
