episode, reward, success, duration, steps, total_steps, memory length, avg_critic_loss, avg_actor_loss
401, 67.23965448141098, 1, 1.5963709489878966, 67, 703168,                                             703168, 1.4229367677845173, 26.936643344252857
402, -392.4383982717991, 3, 7.522627906000707, 455, 703623,                                             703623, 0.7627778512435955, 25.6433663043347
403, 57.04520127363503, 2, 5.736305996004376, 350, 703973,                                             703973, 0.7791292006628854, 25.351414969308035
404, -243.88188672065735, 2, 4.915365789012867, 294, 704267,                                             704267, 0.8126126840001061, 25.384523534450402
405, -76.11193988850573, 2, 5.718764586010366, 340, 704607,                                             704607, 0.767163449613487, 25.47518487257116
406, -53.67265230976045, 2, 3.7262259010021808, 220, 704827,                                             704827, 0.7764451389962976, 25.511000841314143
407, -299.27209928818047, 2, 13.746620389996679, 861, 705688,                                             705688, 0.7773645966033625, 25.4008769346585
408, -19.057152795576258, 2, 9.144841792993248, 572, 706260,                                             706260, 0.8373473619039242, 25.53482900632845
409, -396.0992274596938, 2, 28.985646582004847, 1822, 708082,                                             708082, 0.804713612624764, 25.378759722285682
410, 83.0554378493689, 1, 4.728904783987673, 297, 708379,                                             708379, 0.8498474480929198, 25.506169585667877
411, 53.668967559031444, 3, 21.252915438002674, 1324, 709703,                                             709703, 0.8174026211402927, 25.32775570042544
412, -33.816036182426615, 2, 6.529583859999548, 406, 710109,                                             710109, 0.7754665553716603, 25.535267172188593
413, -17.824519345536828, 1, 4.316481349989772, 252, 710361,                                             710361, 0.7551855401150764, 25.67275345514691
414, 10.513311924180016, 1, 7.929078960005427, 486, 710847,                                             710847, 0.8098858245974215, 25.495421770668816
415, 39.343129051849246, 1, 7.725909753993619, 473, 711320,                                             711320, 0.8191563354738167, 25.51907443395377
416, -77.68352680662065, 3, 5.530436404005741, 337, 711657,                                             711657, 0.8971107351850686, 25.541784207261987
417, -8.47225954377791, 1, 4.711817652001628, 274, 711931,                                             711931, 0.7786172328204134, 25.443657046686994
418, -82.56648467556806, 2, 7.9408387370058335, 499, 712430,                                             712430, 0.7729410937052212, 25.39977937518714
419, 95.77929711512115, 1, 6.922057149989996, 419, 712849,                                             712849, 0.7865341451543613, 25.33786689011749
420, -40.22959166765213, 2, 1.1050093910016585, 45, 712894,                                             712894, 0.7837414907084571, 25.178801388210722
421, 23.454637050628662, 1, 0.5853395799931604, 30, 712924,                                             712924, 0.8551150451103846, 25.164160792032877
422, 70.14432532165665, 1, 4.514955332997488, 267, 713191,                                             713191, 0.7846736023935039, 25.36108949925569
423, 47.36507421731949, 1, 6.938122343010036, 432, 713623,                                             713623, 0.8364712659407545, 25.33853976373319
424, -70.03613548725843, 2, 3.7130122789967572, 217, 713840,                                             713840, 0.773074105038621, 25.253782421762494
425, 22.310031682252884, 1, 0.7064314809977077, 30, 713870,                                             713870, 0.8429631104071935, 24.65382328033447
426, -79.3897745013237, 2, 3.326269418001175, 201, 714071,                                             714071, 0.8144367673800359, 25.389115471151932
427, 88.42500626575202, 1, 5.118756076000864, 306, 714377,                                             714377, 0.7890233003041324, 25.238989019705578
428, 68.44601863669232, 1, 7.52654857399466, 455, 714832,                                             714832, 0.8094946759742695, 25.277444546039288
429, 127.23400517473056, 1, 12.357309579994762, 772, 715604,                                             715604, 0.8428358168104769, 25.373760020794645
430, -69.51198813319206, 2, 2.309674896998331, 126, 715730,                                             715730, 0.7628150024111309, 25.453508876618884
431, 48.605750516057014, 1, 2.1848548370035132, 118, 715848,                                             715848, 0.7442784827139418, 25.194895873635502
432, -286.5412586541497, 1, 11.138619158009533, 681, 716529,                                             716529, 0.7884569118639096, 25.40094988426623
433, -70.57150506973267, 2, 0.5194192210037727, 30, 716559,                                             716559, 0.7227479656537373, 24.83005714416504
434, 80.5194807574153, 1, 4.7169056220009224, 273, 716832,                                             716832, 0.8256544861601386, 25.622963294004784
435, 48.40282266656868, 1, 3.325879655996687, 207, 717039,                                             717039, 0.7782149034133856, 25.41833716314196
436, -39.08332461118698, 2, 0.9042326259950642, 42, 717081,                                             717081, 0.8415190527836481, 25.412303879147483
437, 53.60512763261795, 1, 1.9086582349991659, 104, 717185,                                             717185, 0.8134953557298734, 25.05909828039316
438, 22.103623481467366, 1, 7.722001789996284, 468, 717653,                                             717653, 0.7475806449850401, 25.30745849446354
439, 156.212900551036, 1, 12.53454437799519, 773, 718426,                                             718426, 0.7797579140743339, 25.268567197535663
440, -49.102495797909796, 2, 1.9195018030004576, 112, 718538,                                             718538, 0.7998613728476422, 25.260722177369253
441, 12.768450459465384, 1, 3.7945271909993608, 220, 718758,                                             718758, 0.8523116734894839, 25.1603798085993
442, 24.37242943889032, 1, 5.73289874799957, 347, 719105,                                             719105, 0.8058060607752127, 25.172561909348545
443, 76.6059938739636, 1, 9.329546218999894, 568, 719673,                                             719673, 0.7887133031453885, 25.13704417792844
444, -83.56399403116666, 2, 4.117585232001147, 192, 719865,                                             719865, 0.8145536310039461, 25.287480900684994
445, 130.70065280198833, 1, 6.521048439011793, 391, 720256,                                             720256, 0.7571617149178634, 25.19977977879517
446, -53.27602859819308, 2, 6.7320666309969965, 417, 720673,                                             720673, 0.7826546887985523, 25.118901639247685
447, -175.91207620501518, 2, 4.318172913990566, 249, 720922,                                             720922, 0.9216277617287923, 25.20509949649673
448, 184.2007950230327, 1, 10.33095073000004, 634, 721556,                                             721556, 0.7698194671786546, 25.060486032383675
449, 368.1769424453196, 1, 19.57560383398959, 1238, 722794,                                             722794, 0.7866590900018643, 25.0463380443838
450, -101.98241944797337, 2, 2.9105306879937416, 170, 722964,                                             722964, 0.8134029242922278, 24.86494270773495
451, 83.65290063701104, 1, 4.404695035002078, 272, 723236,                                             723236, 0.8474991180221824, 24.926949865677777
452, 113.2273690138245, 1, 10.331200683009229, 628, 723864,                                             723864, 0.8062922489965797, 24.860689770643877
453, -34.71701161994133, 2, 5.916561960999388, 354, 724218,                                             724218, 0.8007477366991635, 24.98133385114077
454, 32.353591861145105, 1, 6.734680426001432, 424, 724642,                                             724642, 0.8200737983691242, 24.967023678545683
455, -105.13586449623108, 2, 1.505736954000895, 74, 724716,                                             724716, 0.7279323025329693, 24.53264450382542
456, 20.779463231563568, 1, 0.7039854140020907, 30, 724746,                                             724746, 0.7210023283958436, 24.441060129801432
457, 40.337203173548914, 1, 3.72595387500769, 229, 724975,                                             724975, 0.8257226031680295, 24.81358295757177
458, 40.85820678516757, 1, 4.913745197001845, 289, 725264,                                             725264, 0.7724614284649027, 24.88089758797088
459, -67.2712592933949, 2, 7.122015407992876, 422, 725686,                                             725686, 0.7566528991217861, 24.764989287932337
460, 29.73210547864437, 1, 1.507897806004621, 70, 725756,                                             725756, 0.7461123636790684, 24.741674777439663
461, 101.54515522235306, 1, 7.993254942004569, 482, 726238,                                             726238, 0.8014633841039729, 25.04796652576241
462, 8.663925614149775, 1, 7.321694728991133, 449, 726687,                                             726687, 0.7843601399646836, 24.820378777178995
463, -104.83840945363045, 2, 2.523813852996682, 153, 726840,                                             726840, 0.8080459558496288, 24.632702746422463
464, 80.32082843902754, 1, 8.92806138699234, 551, 727391,                                             727391, 0.8034179198763548, 24.88663916406095
465, 63.629875982464, 1, 6.922701281000627, 418, 727809,                                             727809, 0.8145260010182002, 24.842318982028505
466, 0.6965342932962812, 1, 6.722854333987925, 397, 728206,                                             728206, 0.8188459911484562, 24.690959550871955
467, -56.08212898802594, 2, 3.3259926720056683, 197, 728403,                                             728403, 0.775341054509739, 24.82738494873047
468, 85.08192137652077, 1, 4.716353281997726, 274, 728677,                                             728677, 0.7846695215162569, 24.577713569585423
469, 46.30400150036439, 1, 4.932701279991306, 300, 728977,                                             728977, 0.8444504830241203, 24.715952962239584
470, 187.72804287198232, 1, 11.937329753011, 735, 729712,                                             729712, 0.7976002654250787, 24.68200377639459
471, -120.72134132683277, 2, 5.602920801000437, 350, 730062,                                             730062, 0.7565530452557973, 24.639499882289343
472, 10.695890906383283, 1, 5.720975513002486, 342, 730404,                                             730404, 0.8574983880185244, 24.63944517659862
473, 5.22472460186691, 1, 13.753209966991562, 854, 731258,                                             731258, 0.8017449754113615, 24.61363526082988
474, -26.446537650816026, 2, 2.7245224849903025, 166, 731424,                                             731424, 0.8554528457931725, 24.56947319766125
475, 108.53336452576332, 1, 12.540922109998064, 781, 732205,                                             732205, 0.7818753861663589, 24.58332553624191
476, 103.94794098695274, 1, 11.757380212002317, 735, 732940,                                             732940, 0.7804818933107415, 24.68169218828889
477, -51.38630300760269, 2, 1.7060573070048122, 89, 733029,                                             733029, 0.8162428964389844, 24.3078277887923
478, 105.21719750761986, 1, 4.929702955996618, 298, 733327,                                             733327, 0.8152744054994328, 24.584303126239135
479, -56.811483934521675, 2, 2.1082776140101487, 112, 733439,                                             733439, 0.7859681089009557, 24.228835684912546
480, 167.1272937208414, 1, 6.135181315999944, 371, 733810,                                             733810, 0.7849260403139572, 24.604071912739798
481, 76.61308037873823, 1, 7.399547526001697, 445, 734255,                                             734255, 0.7867521770884481, 24.38984870482027
482, 3.66405276002115, 2, 3.5262155489908764, 209, 734464,                                             734464, 0.8461375488904104, 24.60141202935762
483, 25.954628268256783, 1, 4.71430586000497, 272, 734736,                                             734736, 0.8191590751795208, 24.626237686942606
484, 130.2449001003988, 1, 9.530776712999796, 580, 735316,                                             735316, 0.8097999174533219, 24.33478802648084
485, 76.81538760103285, 1, 5.330972039999324, 333, 735649,                                             735649, 0.7806686959467135, 24.47470355678249
486, -76.85026429744903, 2, 3.712884453998413, 216, 735865,                                             735865, 0.7670656917271791, 24.125777006149292
487, 96.93064317968674, 1, 5.930116014002124, 361, 736226,                                             736226, 0.7910298349289353, 24.33845683808472
488, 99.30302108032629, 1, 7.122596916000475, 432, 736658,                                             736658, 0.7923015105641551, 24.410227055902833
489, -50.13771749846637, 3, 5.725048514010268, 348, 737006,                                             737006, 0.8332013602571926, 24.33945369720459
490, 101.94602610915899, 1, 3.931796945995302, 237, 737243,                                             737243, 0.8280171635030191, 24.40002670770959
491, 134.9401460350491, 1, 10.001996755003347, 606, 737849,                                             737849, 0.7932392938597368, 24.159122177476537
492, -60.79233476519585, 2, 0.9199675459967693, 45, 737894,                                             737894, 0.7220087587833405, 23.639363479614257
493, 98.76068423781544, 1, 6.3224636939994525, 375, 738269,                                             738269, 0.7156277780532837, 24.230899088541666
494, 78.63822096226795, 1, 13.757879059994593, 855, 739124,                                             739124, 0.8153548613974922, 24.24039844713713
495, 18.240767157403752, 1, 6.5227473690029, 387, 739511,                                             739511, 0.752646658925739, 24.009954191301528
496, -136.9865509569645, 2, 4.921119448001264, 291, 739802,                                             739802, 0.8604117606308862, 24.080825235425813
497, 96.52996377553791, 1, 4.518570266009192, 267, 740069,                                             740069, 0.7761067503623749, 24.075758787576625
498, -138.04396645724773, 2, 4.314170094003202, 250, 740319,                                             740319, 0.8139749164581299, 24.30786026763916
499, 111.62875846028328, 1, 3.9172499240085017, 220, 740539,                                             740539, 0.871131015365774, 23.918887069008566
500, -337.11170196533203, 2, 11.349866620003013, 702, 741241,                                             741241, 0.7831920105592478, 24.01717066425204
501, -51.87739915132988, 1, 4.319145993998973, 254, 741495,                                             741495, 0.7489413123900496, 24.026544300589975
502, 54.715475357486866, 1, 4.129546748998109, 248, 741743,                                             741743, 0.7524036702609831, 24.095834139854677
503, 25.23964519787114, 1, 14.546963502987637, 898, 742641,                                             742641, 0.7783151271282166, 24.139581253374605
504, -189.95080126821995, 2, 4.729236815997865, 287, 742928,                                             742928, 0.8419277041838975, 23.88845481606726
505, 9.895543960854411, 1, 0.7031540799944196, 30, 742958,                                             742958, 0.8487390567859013, 24.275197792053223
506, -64.68651396036148, 2, 3.110948750996613, 168, 743126,                                             743126, 0.7788171156176499, 23.94412531171526
507, 136.194255143404, 1, 7.540681215003133, 467, 743593,                                             743593, 0.7661639223517391, 23.987489018246244
508, 89.11291018663906, 1, 6.91975614799594, 415, 744008,                                             744008, 0.8347103917455099, 23.990905692778437
509, -59.57310828566551, 2, 1.3221532919997117, 67, 744075,                                             744075, 0.6811903781855284, 24.09993575935933
510, -61.21323095145635, 1, 4.720825876996969, 273, 744348,                                             744348, 0.7758493377612188, 23.96428718147697
511, -169.83065905264812, 2, 9.601396197991562, 598, 744946,                                             744946, 0.7892611863521429, 24.090489575695432
512, 64.31602089654189, 1, 4.513598721008748, 258, 745204,                                             745204, 0.8464052755703297, 24.014475053595017
513, -66.42014744877815, 2, 1.105716254998697, 52, 745256,                                             745256, 0.8622755574492308, 23.92822658098661
514, 73.25780468247831, 1, 3.928967162006302, 234, 745490,                                             745490, 0.7215885950459374, 23.97917449983776
515, 36.60017605382018, 1, 6.119215787999565, 362, 745852,                                             745852, 0.7780258809499319, 23.92964366786388
516, 188.18489614850841, 1, 11.352071860004799, 704, 746556,                                             746556, 0.8146507823416456, 23.83008961514993
517, -47.837200209498405, 2, 1.9088138880033512, 99, 746655,                                             746655, 0.8665080338415473, 23.764387150003454
518, 64.86962889239658, 1, 3.3143158040038543, 191, 746846,                                             746846, 0.7643989890969861, 24.040167424067153
519, -96.03348152991384, 2, 4.712778190994868, 268, 747114,                                             747114, 0.7631214386714038, 23.801796457660732
520, 70.88353940844536, 1, 2.1211107650015038, 122, 747236,                                             747236, 0.7380136947651379, 23.658822200337394
521, 40.05255892628338, 1, 8.793670143000782, 535, 747771,                                             747771, 0.8003516177707743, 23.851544314232942
522, -37.395073145627975, 2, 0.7191660079988651, 34, 747805,                                             747805, 0.8081623675192103, 24.081010594087488
523, -27.09257310954854, 1, 3.3109877509996295, 181, 747986,                                             747986, 0.7938392544319617, 23.983468640575094
524, 127.96917191278771, 1, 7.526483034002013, 458, 748444,                                             748444, 0.8074109500282196, 23.842219356886684
525, 130.74760621227324, 1, 9.147151484008646, 564, 749008,                                             749008, 0.7696309084376545, 23.769042407367245
526, 168.5252650268376, 1, 11.938905451999744, 732, 749740,                                             749740, 0.7865336405856361, 23.852560830246556
527, 361.61457059998065, 1, 15.767375454001012, 987, 750727,                                             750727, 0.7914219188533173, 23.656701954664793
528, 73.24791947798803, 1, 4.312964451994048, 247, 750974,                                             750974, 0.7311785066658668, 23.543612870127564
529, -91.84679275751114, 2, 2.5108939180063317, 136, 751110,                                             751110, 0.7741486493717221, 23.532859493704404
530, 53.80661168694496, 1, 1.908484921004856, 102, 751212,                                             751212, 0.915033755349178, 23.898967780318916
531, 66.00330474320799, 1, 6.417260522997822, 389, 751601,                                             751601, 0.824697194951359, 23.720133999625943
532, -66.99847326241434, 2, 3.5130202820000704, 196, 751797,                                             751797, 0.787597300142658, 23.47318525703586
533, 94.05493944557384, 1, 4.918627791994368, 282, 752079,                                             752079, 0.6985016668096502, 23.41867433372119
534, 47.76110199961113, 1, 9.54985701298574, 594, 752673,                                             752673, 0.7882769932650556, 23.53786317266599
535, -60.19788544669427, 2, 6.523779320996255, 397, 753070,                                             753070, 0.819385235720978, 23.58119296306927
536, -112.99231050908566, 2, 4.919438669006922, 287, 753357,                                             753357, 0.865582453560746, 23.424259351936367
537, -28.314101711439434, 2, 2.7071265340055106, 144, 753501,                                             753501, 0.8253817684534523, 23.538766225179035
538, 76.14683189132484, 1, 5.122022201001528, 305, 753806,                                             753806, 0.7285476983570661, 23.725037083860304
539, -55.273332595825195, 2, 1.7102195439947536, 86, 753892,                                             753892, 0.7556798218987709, 23.903288286785745
540, -17.477729282865766, 2, 4.127593106997665, 244, 754136,                                             754136, 0.7453010151865053, 23.51926784828061
541, -39.77435470407363, 1, 7.378067388999625, 441, 754577,                                             754577, 0.8145973028914999, 23.666688209758593
542, -15.729316283250228, 2, 3.526597000003676, 214, 754791,                                             754791, 0.8203699949467294, 23.334029536380946
543, 8.914529871894047, 1, 2.310291891990346, 128, 754919,                                             754919, 0.764235976850614, 23.76343573629856
544, 17.108932200586423, 1, 10.552325075987028, 653, 755572,                                             755572, 0.7848636586943593, 23.522231839517357
545, -45.162579238414764, 2, 0.9043009040033212, 33, 755605,                                             755605, 0.7519822346441674, 22.98424767002915
546, 186.24765035510063, 1, 6.12013774800289, 368, 755973,                                             755973, 0.7994082891584738, 23.415142463601153
547, -76.66174742946168, 2, 6.524763416004134, 391, 756364,                                             756364, 0.7925627339069191, 23.537579621805254
548, 46.83403432369232, 1, 1.9098894159978954, 92, 756456,                                             756456, 0.6609691115825073, 23.303354284037713
549, 61.59078202024102, 1, 4.733421419994556, 291, 756747,                                             756747, 0.836627787638366, 23.465088709932832
550, -255.25034755468369, 2, 3.515718872004072, 200, 756947,                                             756947, 0.8074531672894955, 23.681627225875854
551, 128.53308087587357, 1, 4.574109107998083, 264, 757211,                                             757211, 0.7972808220621311, 23.48460917039351
552, -59.237712904810905, 2, 2.306678884997382, 126, 757337,                                             757337, 0.8144340964536818, 23.431006234789653
553, 97.59625614300603, 1, 5.130282106998493, 315, 757652,                                             757652, 0.7888168376589578, 23.511262578812858
554, 60.175268453749595, 1, 7.721272504990338, 456, 758108,                                             758108, 0.7897464147393118, 23.388856917096856
555, 48.11010311264545, 1, 7.940580372000113, 491, 758599,                                             758599, 0.8282049243051991, 23.568818851789487
556, -67.55065546929836, 2, 1.9050487499916926, 99, 758698,                                             758698, 0.7830454126150921, 23.132479349772137
557, 84.75007472652942, 1, 4.328562953989604, 260, 758958,                                             758958, 0.7674058205806292, 23.41573937489436
558, 34.668704187031835, 1, 6.520559034004691, 389, 759347,                                             759347, 0.7566787202897599, 23.359785771308644
559, -40.817142835003324, 2, 8.339046253997367, 505, 759852,                                             759852, 0.8767398720330531, 23.241280957967927
560, 53.9859301536344, 1, 3.9127160489879316, 223, 760075,                                             760075, 0.7858075331144804, 23.427357523965195
561, -70.57534675300121, 2, 2.5747053250088356, 138, 760213,                                             760213, 0.7658154787360758, 23.37392986684606
562, 133.74717768689152, 1, 6.72281957299856, 393, 760606,                                             760606, 0.7783254860466673, 23.375007415849137
563, 190.9712487515062, 1, 12.554088675999083, 775, 761381,                                             761381, 0.8027410606030495, 23.245276504024382
564, -68.2077553011477, 3, 2.1047661070042523, 105, 761486,                                             761486, 0.7618271745386578, 23.294915844145276
565, 146.1544735915959, 1, 6.131844303003163, 374, 761860,                                             761860, 0.8322461354222527, 23.042948513744985
566, -74.8997054696083, 2, 2.709312188992044, 144, 762004,                                             762004, 0.800817221403122, 23.285539362165665
567, 147.09094002842903, 1, 6.132473553996533, 375, 762379,                                             762379, 0.783948438167572, 23.048932774861655
568, 60.856077745207585, 2, 7.927817838004557, 477, 762856,                                             762856, 0.8211388091871074, 23.38944477505154
569, 71.68560829758644, 1, 2.121092689005309, 124, 762980,                                             762980, 0.8212872455196996, 23.027909924907068
570, -44.085917219519615, 2, 1.7102835469995625, 80, 763060,                                             763060, 0.787909272685647, 23.150132989883424
571, -68.36885933578014, 2, 2.372172793999198, 144, 763204,                                             763204, 0.7942099266995987, 22.838329566849602
572, -362.6436056047678, 2, 12.944846446000156, 789, 763993,                                             763993, 0.7872411956956329, 23.116397379015787
573, 136.52707014232874, 1, 5.338411321004969, 329, 764322,                                             764322, 0.7564896651314384, 23.00475228956043
574, 83.2837307228474, 1, 5.117317723997985, 302, 764624,                                             764624, 0.7569396352728471, 23.168778710017932
575, -43.42008937895298, 2, 0.9051284000015585, 37, 764661,                                             764661, 0.7326515800244099, 22.767155312203073
576, 100.11718873400241, 1, 5.52049367899599, 324, 764985,                                             764985, 0.7960655614733696, 23.077130971131503
577, -69.07977014780045, 2, 1.3224475140013965, 67, 765052,                                             765052, 0.722019788489413, 22.826663999415157
578, 53.363940492039546, 1, 3.910134729987476, 225, 765277,                                             765277, 0.7829519795046912, 22.956772181193035
579, -104.36102944612503, 2, 3.124077361993841, 180, 765457,                                             765457, 0.793454648885462, 23.18644846810235
580, -18.64082828897517, 1, 3.7113505540037295, 208, 765665,                                             765665, 0.874764622690586, 22.938996012394245
581, -283.70948063209653, 2, 9.395562555000652, 577, 766242,                                             766242, 0.8180882320247035, 23.006921907024946
582, -11.579635625355877, 1, 4.515963065001415, 264, 766506,                                             766506, 0.7899063879793341, 22.933685938517254
583, 77.7591100120917, 1, 4.7139647910080384, 268, 766774,                                             766774, 0.7524157733614765, 23.158659927880585
584, -46.02270150184631, 2, 1.5224949569965247, 90, 766864,                                             766864, 0.7759092728296916, 22.759588538275825
585, 5.236758266633842, 1, 5.115674423999735, 294, 767158,                                             767158, 0.7787304433430133, 22.805413778136376
586, 76.042296408923, 1, 5.731594847005908, 351, 767509,                                             767509, 0.8441220325791937, 23.207631991459774
587, -77.75337672233582, 2, 0.7050714330107439, 30, 767539,                                             767539, 0.8408574263254801, 23.220626386006675
588, 97.03328027343377, 1, 9.335990735999076, 564, 768103,                                             768103, 0.7795380659348575, 23.07680902751625
589, 136.41473513492383, 1, 11.33883985299326, 689, 768792,                                             768792, 0.8203226511727569, 22.99077204522962
590, -87.71495520765893, 2, 3.7263045709987637, 221, 769013,                                             769013, 0.7725153569452363, 22.753218473891867
591, 26.49547244934365, 1, 4.961152855001274, 287, 769300,                                             769300, 0.82801609182607, 22.944405658735217
592, -75.94066712260246, 2, 2.109610211002291, 113, 769413,                                             769413, 0.8691336931908025, 22.573387635492647
593, 128.11944513116032, 1, 5.332555390996276, 328, 769741,                                             769741, 0.7561051843733322, 22.915214090812498
594, 161.05408960720524, 1, 10.334378083003685, 624, 770365,                                             770365, 0.8125609444597592, 22.60274468935453
595, 9.307444577803835, 3, 5.936012675010716, 355, 770720,                                             770720, 0.8186810529567826, 22.685020398422026
596, 44.17299118125811, 1, 6.122283842996694, 363, 771083,                                             771083, 0.7649736496371015, 22.666203351717023
597, 84.98291430331301, 1, 6.736707064002985, 407, 771490,                                             771490, 0.8304533967954227, 22.709405838125168
598, -46.20659440755844, 2, 0.9010392990021501, 30, 771520,                                             771520, 0.6858047634363175, 22.600494130452475
599, 64.92427694855724, 1, 4.1295908960019005, 251, 771771,                                             771771, 0.8387792057012656, 22.693592212114677
600, 100.96327745934832, 1, 9.124968870004523, 555, 772326,                                             772326, 0.7883047029241785, 22.729366988104744
601, 66.85285207489505, 1, 5.183801720995689, 308, 772634,                                             772634, 0.7886679242183636, 22.565058832044727
602, -101.09350570861716, 2, 7.5365762379951775, 464, 773098,                                             773098, 0.7840495436484444, 22.616836751329487
603, 13.806901270872913, 1, 3.1099815859925, 172, 773270,                                             773270, 0.7996795421769453, 22.545912099439043
604, -119.26269146800041, 2, 4.918022799000028, 288, 773558,                                             773558, 0.8332742106997304, 22.715678268008762
605, 206.4047462940216, 1, 7.1238697829976445, 425, 773983,                                             773983, 0.7662859291890088, 22.63442835639505
606, 10.212014579505194, 2, 7.542997130993172, 462, 774445,                                             774445, 0.8117300402292441, 22.612072123077525
607, 27.43679408764001, 1, 4.514275737004937, 256, 774701,                                             774701, 0.7596397161250934, 22.39381904155016
608, -57.760878667235374, 2, 0.7210988090082537, 36, 774737,                                             774737, 0.7798568771945106, 22.3286878267924
609, 104.61250334442593, 1, 6.728325786010828, 401, 775138,                                             775138, 0.8332782718457485, 22.794027504480987
610, 179.95768503146246, 1, 11.140692928995122, 670, 775808,                                             775808, 0.8055713483646735, 22.564629867895327
611, -61.64468014240265, 2, 0.7623682620032923, 37, 775845,                                             775845, 0.8574670682082305, 22.280828733701963
612, 54.85523701552302, 1, 3.3114846339885844, 182, 776027,                                             776027, 0.7641329457471658, 22.87733464712625
613, 38.68746629373436, 1, 10.94074399099918, 665, 776692,                                             776692, 0.7979507606280477, 22.51720676995758
614, -10.457433860749006, 1, 6.520024163997732, 387, 777079,                                             777079, 0.8107045518489463, 22.389192783247285
615, -101.73638275265694, 2, 2.9134259509883123, 155, 777234,                                             777234, 0.8182006224509208, 22.89481850900958
616, 86.69301241377252, 1, 4.516696601000149, 258, 777492,                                             777492, 0.7759746167548868, 22.441820965256802
617, 73.52104316523764, 1, 7.525722967999172, 453, 777945,                                             777945, 0.781191884813456, 22.35476994040786
618, -264.0317690074444, 2, 8.132993860010174, 491, 778436,                                             778436, 0.7824732009966359, 22.303872584325475
619, -92.5966222975403, 2, 4.314406322999275, 248, 778684,                                             778684, 0.7651423607622424, 22.517463138026574
620, 75.88740825653076, 1, 3.12526804600202, 185, 778869,                                             778869, 0.8171864917149415, 22.41284021944613
621, 136.52670159155969, 1, 9.365437786007533, 566, 779435,                                             779435, 0.8057952093572582, 22.560876896861586
622, 91.22191680991091, 1, 7.737090109993005, 475, 779910,                                             779910, 0.8341834606622395, 22.364680225974634
623, -50.84651255607605, 2, 1.5055544399947394, 77, 779987,                                             779987, 0.8342993572934881, 22.35419397230272
624, -25.44409271434415, 2, 2.7117494990088744, 141, 780128,                                             780128, 0.8365647420815542, 22.362166127414568
625, 62.68129139440134, 1, 4.328463964004186, 260, 780388,                                             780388, 0.7666748598217964, 22.200243737147403
626, -48.596508115530014, 2, 1.1046937380015152, 43, 780431,                                             780431, 0.8317992174348166, 22.05063981788103
627, 72.21773527562618, 2, 4.531021360991872, 258, 780689,                                             780689, 0.8399171505787576, 22.407686728839728
628, -317.60390897095203, 2, 19.56226160201186, 1177, 781866,                                             781866, 0.8095943153461563, 22.253193783172634
629, 101.51357147271665, 1, 4.517083597005694, 261, 782127,                                             782127, 0.7768755577989922, 22.40722154931547
630, -89.09289729595184, 2, 2.5091683350037783, 135, 782262,                                             782262, 0.8316451834307776, 21.996186701456704
631, 140.0563522875309, 1, 4.154962205997435, 245, 782507,                                             782507, 0.7658905231222815, 22.09653049391143
632, -28.83436458557844, 2, 1.5246260709973285, 82, 782589,                                             782589, 0.8127073340299653, 22.310030565029237
633, 4.705516249872744, 1, 4.315883272996871, 248, 782837,                                             782837, 0.8119192736283425, 22.20265749577553
634, -75.46755629777908, 2, 1.307162083001458, 58, 782895,                                             782895, 0.8101787505478695, 22.315539557358314
635, 169.91198712959886, 1, 7.539528798006359, 464, 783359,                                             783359, 0.7750409465796989, 22.07071980320174
636, 78.31570814666338, 1, 8.529843712007278, 508, 783867,                                             783867, 0.7932071961521163, 22.006295406912255
637, -79.38485819101334, 2, 1.70771526300814, 85, 783952,                                             783952, 0.7414614533676821, 22.19508716358858
638, 192.41429561562836, 1, 9.542243636999046, 584, 784536,                                             784536, 0.8247960817119847, 22.38405904541277
639, 64.88946190086426, 2, 6.924887100001797, 406, 784942,                                             784942, 0.7678885012865067, 22.053644058152372
640, 106.07636309228837, 1, 5.535529240994947, 336, 785278,                                             785278, 0.8125290146008843, 22.212408542633057
641, -142.3221070319414, 2, 3.741798649003613, 215, 785493,                                             785493, 0.8451922763225644, 21.945309204278992
642, 33.141408026218414, 1, 0.7080918839928927, 30, 785523,                                             785523, 0.6272139449914297, 21.75939852396647
643, -72.85692389309406, 2, 3.3130553380033234, 179, 785702,                                             785702, 0.7576784365004001, 21.72512720417044
644, 81.18170361788361, 1, 4.5158594389940845, 258, 785960,                                             785960, 0.771947431240895, 21.862958091173986
645, -71.16060212254524, 2, 1.91044006300217, 98, 786058,                                             786058, 0.8082133029796639, 22.300248632625657
646, 101.07892036437988, 1, 3.31118295599299, 190, 786248,                                             786248, 0.8494767590572959, 21.787381950177643
647, 84.00188426719978, 1, 6.334819007999613, 385, 786633,                                             786633, 0.8354433222250505, 22.09710572478059
648, -44.09825676679611, 2, 0.9052233080001315, 31, 786664,                                             786664, 0.8167667658098282, 21.49842089991416
649, 111.614537358284, 1, 3.91343036100443, 217, 786881,                                             786881, 0.8410287605177972, 21.857577728236325
650, 70.58800183977291, 1, 4.933877827003016, 292, 787173,                                             787173, 0.7356461591712417, 21.925860911199493
651, -54.90163520583883, 1, 9.965780540005653, 604, 787777,                                             787777, 0.7718678881593098, 21.903792098657973
652, -150.7421947382063, 2, 3.714883660999476, 214, 787991,                                             787991, 0.7724878950932316, 22.32440009072562
653, 135.96222729422152, 1, 5.536392366004293, 335, 788326,                                             788326, 0.7915365556282784, 22.047577106418895
654, -89.5315568447113, 2, 2.1064281029975973, 110, 788436,                                             788436, 0.8723290876908736, 22.14148585579612
655, 157.22804987430573, 1, 5.736135850995197, 348, 788784,                                             788784, 0.8153595524443977, 21.816970255183076
656, 115.30521851168669, 1, 8.32557054499921, 496, 789280,                                             789280, 0.8084133496928599, 21.582035072388187
657, 209.9518720281194, 1, 11.359680952009512, 701, 789981,                                             789981, 0.8262229078846549, 21.866128135169625
658, -38.3830888569355, 2, 1.1062039600074058, 48, 790029,                                             790029, 0.82859383088847, 22.264057596524555
659, 89.58349107787944, 1, 4.7166085289936746, 268, 790297,                                             790297, 0.8256264321172415, 21.87373943471197
660, -37.299290120601654, 2, 1.1059332540025935, 48, 790345,                                             790345, 0.6710925785203775, 21.754990597565968
661, 122.87355607886275, 1, 5.552153779994114, 323, 790668,                                             790668, 0.8603338988572821, 21.933917051498366
662, 92.4930013534613, 1, 7.727196088002529, 460, 791128,                                             791128, 0.8371106892176297, 21.389568602520487
663, -79.92422699928284, 2, 0.7072287060000235, 30, 791158,                                             791158, 0.9133946756521861, 21.97146333058675
664, -25.0299874630291, 2, 2.7280985789984697, 154, 791312,                                             791312, 0.8999851613075702, 22.01147696259734
665, 69.65851720247883, 1, 5.119911483998294, 300, 791612,                                             791612, 0.7838630619645118, 21.8047270488739
666, -124.69540312886238, 2, 3.515053467999678, 198, 791810,                                             791810, 0.7842417457188019, 21.601889961897726
667, 89.45941016077995, 1, 3.112886745992, 175, 791985,                                             791985, 0.8259891695635659, 21.31047024863107
668, -49.36479203402996, 2, 1.1051436940033454, 49, 792034,                                             792034, 0.7956589496865565, 21.590116228376115
669, 88.70689143048367, 1, 4.315669458999764, 247, 792281,                                             792281, 0.8160414221557045, 21.85009868328388
670, 106.49288001214154, 1, 6.935442093992606, 420, 792701,                                             792701, 0.8066395755325045, 21.552175265266783
671, 89.29486579231161, 1, 8.749229747991194, 535, 793236,                                             793236, 0.746207365365786, 21.491628712805632
672, -51.570182010531425, 2, 1.3068723489996046, 65, 793301,                                             793301, 0.8816323848871085, 21.821206283569335
673, 90.90045375563204, 1, 3.7276744279952254, 215, 793516,                                             793516, 0.8146655943504599, 21.2962334655052
674, -269.91676891967654, 2, 12.134081201002118, 738, 794254,                                             794254, 0.7702726646248241, 21.486545150519063
675, 78.91939055919647, 1, 1.9242471710022073, 110, 794364,                                             794364, 0.8839195709336888, 22.001051729375664
676, -5.427751956623979, 1, 5.119905517989537, 296, 794660,                                             794660, 0.8171051041902723, 21.326613187789917
677, -69.16714468598366, 2, 0.9077284999948461, 31, 794691,                                             794691, 0.8644076547315044, 21.77967809861706
678, 115.76835522055626, 1, 3.726985784000135, 216, 794907,                                             794907, 0.7471849503064597, 21.50284152560764
679, -31.47812945919577, 2, 2.710308015011833, 148, 795055,                                             795055, 0.718569511900077, 21.538579244871396
680, 91.55738439888228, 1, 4.735363690997474, 291, 795346,                                             795346, 0.7918977209997341, 21.595783771108515
681, -69.63027763366699, 2, 1.7246704369899817, 89, 795435,                                             795435, 0.7227011302883706, 21.42534112394526
682, 66.34141132235527, 1, 2.309571120989858, 123, 795558,                                             795558, 0.8780229062568851, 21.67273605160597
683, -185.67096447199583, 2, 10.938001456990605, 655, 796213,                                             796213, 0.7852342808064614, 21.610904475204816
684, 121.42779745775624, 1, 7.138276009995025, 437, 796650,                                             796650, 0.8325658447409658, 21.47713055381513
685, -42.6748970746994, 2, 1.304064197000116, 60, 796710,                                             796710, 0.7149047861496608, 21.881175549825034
686, 150.72159361839294, 1, 5.119609792003757, 303, 797013,                                             797013, 0.8024367267149116, 21.35503609660435
687, 64.8098739721172, 1, 9.74420097899565, 604, 797617,                                             797617, 0.794796488488352, 21.338655241277834
688, -141.4725683927536, 2, 2.108668870991096, 104, 797721,                                             797721, 0.8954902999103069, 21.504167538422806
689, 143.52671149373055, 1, 4.529136618992197, 274, 797995,                                             797995, 0.8303686631639509, 21.37889672717909
690, -39.45171195268631, 2, 1.1039350750070298, 49, 798044,                                             798044, 0.8431802969806048, 21.31673964675592
691, -79.24467910919338, 1, 3.9272239489946514, 245, 798289,                                             798289, 0.8100174056023968, 21.385787395555145
692, -79.04831910133362, 2, 1.1057515230058925, 49, 798338,                                             798338, 0.7247057909868202, 21.433081354413712
693, 119.87480759248137, 1, 5.717888560000574, 341, 798679,                                             798679, 0.8154799407703086, 21.315774629542556
694, -129.55994550138712, 2, 5.5147520169994095, 323, 799002,                                             799002, 0.798203474227858, 21.36758649607561
695, 110.76569545269012, 1, 3.311648185001104, 187, 799189,                                             799189, 0.7980473908511075, 21.165320330125127
696, -95.41482505202293, 2, 2.7244043039972894, 154, 799343,                                             799343, 0.8871379651419529, 21.61548444822237
697, -12.451871113582456, 1, 5.113109593003173, 301, 799644,                                             799644, 0.7745484406765909, 21.508364183166098
698, 73.15838795190211, 1, 8.54098365099344, 528, 800172,                                             800172, 0.798435983784271, 21.184182251944687
699, -93.20042166113853, 2, 2.3089065090025542, 123, 800295,                                             800295, 0.8339194934057995, 21.33496686113559
700, 110.06257582828403, 1, 5.520409727003425, 319, 800614,                                             800614, 0.8091866718751136, 21.15161565403953
701, -218.4921117424965, 2, 5.894848814001307, 358, 800972,                                             800972, 0.7517395787898389, 20.928723931978535
702, 6.1715140184387565, 1, 1.3077448349940823, 57, 801029,                                             801029, 0.7253432927424448, 20.642994027388724
703, -243.3091770336032, 2, 10.546259232010925, 651, 801680,                                             801680, 0.810436048769548, 21.231811413567186
704, -10.501095674058888, 1, 4.113778719009133, 236, 801916,                                             801916, 0.8220611621262663, 20.88390588760376
705, -362.8892621435225, 2, 26.59657216499909, 1645, 803561,                                             803561, 0.8189628010462845, 21.08361825334265
706, 15.027995194046525, 1, 5.521018351995735, 318, 803879,                                             803879, 0.7284611170209428, 20.938496292762036
707, -74.26772063970566, 2, 0.9231555639998987, 43, 803922,                                             803922, 1.1148355693318124, 21.163834172625876
708, 16.049589114263654, 1, 4.919144950006739, 281, 804203,                                             804203, 0.8054746560142558, 21.21268159723791
709, 81.72731113285408, 1, 7.52778281699284, 451, 804654,                                             804654, 0.7958523927136694, 21.282873781715953
710, 29.103409492992796, 1, 8.743769271997735, 531, 805185,                                             805185, 0.8148075297839673, 21.0682232007244
711, -86.13511469960213, 2, 2.514429091999773, 145, 805330,                                             805330, 0.8314915422735543, 20.65852596677583
712, 83.24003746104427, 1, 4.32956739499059, 261, 805591,                                             805591, 0.7470232361349566, 20.973359718176596
713, -41.61521303653717, 2, 1.306681492991629, 60, 805651,                                             805651, 0.6531286383668582, 21.233007876078286
714, 98.53218591213226, 1, 3.1106850860087434, 173, 805824,                                             805824, 0.8378439388867748, 20.968205451965332
715, -273.4523716419935, 2, 15.160960990993772, 930, 806754,                                             806754, 0.8061361688119109, 20.96694799648818
716, -51.254760056734085, 2, 3.3125418489944423, 180, 806934,                                             806934, 0.8499030651317703, 20.998125733269585
717, -73.63354459032416, 2, 3.51398495399917, 191, 807125,                                             807125, 0.7863015342133207, 20.838435792174014
718, 113.23304759075108, 1, 5.7356229340075515, 344, 807469,                                             807469, 0.8277963358302449, 20.89940127938293
719, 24.376463937805966, 1, 8.729016826007864, 520, 807989,                                             807989, 0.8170089393281019, 20.96699435710907
720, -2.8600442360620946, 2, 5.734168356997543, 347, 808336,                                             808336, 0.7897943808812573, 20.786344764555565
721, -388.8926679342985, 2, 17.756292438003584, 1086, 809422,                                             809422, 0.8048819040615475, 20.810952184828167
722, 97.78141672816128, 1, 5.31951254500018, 304, 809726,                                             809726, 0.8342704170040394, 20.884983552129643
723, 30.210901458238368, 1, 9.146804887001053, 564, 810290,                                             810290, 0.7754970523693883, 20.806269021744423
724, -39.53473671129905, 2, 5.520079502995941, 329, 810619,                                             810619, 0.8188832809859858, 20.73201112544283
725, 101.27318748887046, 1, 5.5217222939973, 327, 810946,                                             810946, 0.7746845338869532, 20.843786370863608
726, -35.750917583703995, 2, 0.9048727089975728, 42, 810988,                                             810988, 0.9014617786521003, 20.365316527230398
727, 102.28220510482788, 1, 4.720644000990433, 268, 811256,                                             811256, 0.8045430168954294, 20.803602318265543
728, -273.6597507894039, 3, 10.533299087008345, 642, 811898,                                             811898, 0.8159911065736664, 20.75228437827755
729, 68.41345319151878, 1, 2.1238224750122754, 125, 812023,                                             812023, 0.7464617025852204, 20.63575860595703
730, 39.21989351697266, 1, 7.520522181002889, 446, 812469,                                             812469, 0.8266432413605831, 20.86501875693488
731, 75.47544455854222, 1, 6.752000082007726, 418, 812887,                                             812887, 0.7878734062305478, 20.77425298051971
732, -165.95425087213516, 3, 5.515185550990282, 321, 813208,                                             813208, 0.7996783907354064, 20.622896815386145
733, -106.11614246442332, 2, 7.746238962994539, 467, 813675,                                             813675, 0.8147297425622347, 20.565755762431046
734, 44.34886067267507, 1, 2.7099063219939126, 143, 813818,                                             813818, 0.709376598363156, 20.50971323960311
735, -29.399269722402096, 2, 1.3051898890116718, 54, 813872,                                             813872, 0.6722323949690219, 21.039713382720947
736, -116.2966495975852, 2, 6.738128917000722, 410, 814282,                                             814282, 0.8023807263955838, 20.606026526195247
737, 7.485202924814075, 1, 1.5089693310001167, 73, 814355,                                             814355, 0.7515769943799058, 20.87407336822928
738, -272.5372392348945, 2, 18.168946160993073, 1119, 815474,                                             815474, 0.8042759180761427, 20.690095523087653
739, 52.12487329659052, 1, 4.716824515999178, 277, 815751,                                             815751, 0.8626976708212484, 20.710927102539944
740, -171.44538708875916, 2, 7.339530679004383, 442, 816193,                                             816193, 0.7651094192832844, 20.662394260389235
741, -192.0994969829917, 2, 6.5211813950008946, 390, 816583,                                             816583, 0.7597178124464475, 20.724096259092672
742, 88.57898212969303, 1, 3.715162260996294, 213, 816796,                                             816796, 0.8242707882128971, 20.780456059415574
743, 75.91865420108661, 1, 6.1246137940033805, 360, 817156,                                             817156, 0.755140995234251, 20.393798200289407
744, -142.59085992595647, 2, 3.516505617008079, 197, 817353,                                             817353, 0.91581122872188, 20.574515807447096
745, 74.90993896126747, 1, 2.912254174996633, 157, 817510,                                             817510, 0.8139883771443822, 20.575849484486184
746, 27.346442208596272, 1, 8.345741146011278, 500, 818010,                                             818010, 0.7960787331461906, 20.512418878555298
747, 73.75864415627439, 1, 6.1202394620049745, 368, 818378,                                             818378, 0.7979855965822935, 20.417169283265654
748, -76.61833266931353, 3, 5.317971694996231, 303, 818681,                                             818681, 0.7978277079539724, 20.384780421115384
749, -369.07458874583244, 2, 17.167831967002712, 1060, 819741,                                             819741, 0.8332112549048549, 20.445948488307447
750, 69.92487295111641, 1, 4.714740552997682, 280, 820021,                                             820021, 0.800419297920806, 20.3818142754691
751, -47.251483768224716, 2, 1.3118823819968384, 64, 820085,                                             820085, 0.7308862465433776, 20.26103402674198
752, 65.47237795591354, 1, 2.1084884050069377, 111, 820196,                                             820196, 0.6997442285756807, 20.134469719620437
753, -50.217556446790695, 2, 1.104283395994571, 48, 820244,                                             820244, 0.6528440024703741, 20.451271653175354
754, -160.63916051387787, 2, 4.728546066995477, 285, 820529,                                             820529, 0.7420461770735289, 20.189069145604183
755, -25.26413375447737, 1, 4.9191009040077915, 283, 820812,                                             820812, 0.8426300785356191, 20.5161214700436
756, 61.956012083915994, 1, 4.73486565600615, 287, 821099,                                             821099, 0.8157788802730082, 20.403263932736493
757, 82.73870040446491, 1, 8.125543124988326, 491, 821590,                                             821590, 0.8123047317239758, 20.237029223238135
758, 78.17738199417363, 1, 9.95294274999469, 608, 822198,                                             822198, 0.8338477314989033, 20.289198277812254
759, -59.93323032557964, 2, 1.5037144539965084, 72, 822270,                                             822270, 0.878042860991425, 20.392144587304855
760, 77.70252794027328, 1, 2.125732111002435, 122, 822392,                                             822392, 0.849732513799042, 20.170537596843282
761, -82.11977460980415, 2, 2.2978232000023127, 120, 822512,                                             822512, 0.8954885348677635, 19.9658642689387
762, 86.2458579656959, 1, 6.7251122489979025, 400, 822912,                                             822912, 0.8088477112352848, 20.32617880821228
763, 50.97962310956791, 1, 8.524398573994404, 504, 823416,                                             823416, 0.7802503241433038, 20.270936935667006
764, 104.73248017465812, 1, 5.729239491003682, 351, 823767,                                             823767, 0.7587060224466514, 20.02189919887445
765, -57.088339775800705, 2, 0.902339098000084, 31, 823798,                                             823798, 0.8837722462992514, 19.736336615777784
766, 64.5113617181778, 1, 2.1096922009892296, 108, 823906,                                             823906, 0.763119792772664, 20.38298002878825
767, -63.51859140396118, 2, 2.9104817590123275, 160, 824066,                                             824066, 0.8620464665815234, 20.07670043706894
768, 74.39707173407078, 1, 2.5266658890031977, 146, 824212,                                             824212, 0.8606637489714034, 20.12693264713026
769, 67.15403985313606, 1, 10.330536245004623, 618, 824830,                                             824830, 0.790654004102386, 20.167971435102444
770, 72.02363220637199, 1, 7.9453046299895504, 485, 825315,                                             825315, 0.8234481033590652, 20.24588023313542
771, -53.41264610737562, 2, 2.4972201560012763, 133, 825448,                                             825448, 0.8615536084748748, 20.056140620009344
772, -43.939190725795925, 2, 3.51600790800876, 191, 825639,                                             825639, 0.778348370684379, 20.37975882984581
773, 15.844110768288374, 1, 3.7262993559997994, 222, 825861,                                             825861, 0.8194956374061, 20.162835683908547
774, 127.67369618608791, 1, 8.128515978998621, 417, 826278,                                             826278, 0.7500478533817996, 20.159306201431676
775, 109.94767912759562, 1, 6.52819304500008, 382, 826660,                                             826660, 0.8003098513755499, 20.18671211522287
776, -98.5406033641193, 2, 1.9073654179956065, 102, 826762,                                             826762, 0.8824014558511621, 19.839729851367427
777, -70.51592118293047, 2, 3.327228547001141, 192, 826954,                                             826954, 0.8352202447131276, 19.908613835771877
778, 56.19747139656748, 1, 4.717024145007599, 271, 827225,                                             827225, 0.7921114986233165, 20.015374841725254
779, -42.54796552658081, 2, 1.3057009070034837, 61, 827286,                                             827286, 0.7042271788003015, 19.456372042171292
780, 122.10107592493296, 1, 4.918227736998233, 283, 827569,                                             827569, 0.8365520859143759, 20.147951483305267
781, -125.01642264425755, 2, 4.534650604997296, 277, 827846,                                             827846, 0.7981260613629103, 19.82700024615126
782, -11.48895092541352, 1, 3.912072897001053, 227, 828073,                                             828073, 0.825349226134464, 19.9808683521422
783, -17.766970488009974, 1, 8.936014318009256, 536, 828609,                                             828609, 0.792539699030901, 19.84707908310107
784, -79.34853172302246, 2, 0.7234536829928402, 30, 828639,                                             828639, 0.8938357452551524, 20.666345437367756
785, -30.01870510354638, 1, 3.910989662996144, 217, 828856,                                             828856, 0.773916424968825, 20.338490156534082
786, 81.08039255347103, 1, 5.736717317995499, 349, 829205,                                             829205, 0.8009843667462084, 20.139130365541124
787, 77.49396672402509, 1, 7.73057011399942, 462, 829667,                                             829667, 0.81639831993745, 20.015883257894806
788, -79.30409002304077, 2, 0.7040553279948654, 30, 829697,                                             829697, 0.8299469302097956, 19.82205238342285
789, -51.70304361679155, 2, 6.124442005995661, 353, 830050,                                             830050, 0.8269919526813388, 20.017298987499377
790, 110.18789806962013, 1, 4.931828985005268, 292, 830342,                                             830342, 0.8512801201376197, 20.105128053116474
791, 87.16739991473332, 1, 5.897247567001614, 349, 830691,                                             830691, 0.776334975715353, 19.868268239805555
792, -29.840682983398438, 2, 1.5226003009884153, 79, 830770,                                             830770, 0.8127130424674553, 19.77710828901846
793, -42.66588858421892, 1, 4.312492576005752, 252, 831022,                                             831022, 0.8233018581356321, 19.93246967830355
794, 109.49957147233363, 1, 7.7299189120094525, 457, 831479,                                             831479, 0.7864592353807236, 19.86880843122887
795, 70.8412649827078, 1, 8.533371593992342, 506, 831985,                                             831985, 0.8077505963004153, 19.907833896606807
796, -80.81318092346191, 2, 0.5229952869995032, 30, 832015,                                             832015, 0.7404052277406057, 19.855427551269532
797, 110.25678110530134, 1, 7.326465792008094, 436, 832451,                                             832451, 0.8313021153348301, 19.75296644770771
798, 79.58003221284889, 1, 9.128129234988592, 545, 832996,                                             832996, 0.8091381667950831, 19.88001994911684
799, -81.36865544319153, 2, 0.7058193970005959, 30, 833026,                                             833026, 0.8763906250397364, 20.14367504119873
800, 113.01525486679748, 1, 5.734547682994162, 346, 833372,                                             833372, 0.8604692148335408, 19.857664631970355
801, 81.26302827089967, 1, 9.266676176004694, 562, 833934,                                             833934, 0.8179863806933271, 19.765225695545563
802, -80.77549934387207, 2, 0.7061683669890044, 30, 833964,                                             833964, 0.700670349597931, 19.763628578186037
803, 74.35675918892957, 1, 3.514312073995825, 202, 834166,                                             834166, 0.815409331776128, 19.71450714545675
804, -48.22408080473542, 2, 4.532471749000251, 272, 834438,                                             834438, 0.9593220295055824, 19.879438659724066
805, 17.164258331409656, 1, 5.719813300005626, 336, 834774,                                             834774, 0.7413585297763348, 19.59942989973795
806, -46.00296713411808, 2, 0.9207018740125932, 53, 834827,                                             834827, 0.7792301262324711, 19.35325660345689
807, 94.28134854510427, 1, 4.116571563994512, 232, 835059,                                             835059, 0.8413334436200816, 19.694439304286036
808, 92.00480700749904, 1, 9.732575526999426, 585, 835644,                                             835644, 0.8418651449884105, 19.780162113548343
809, -49.55271768569946, 2, 0.9213144469977124, 42, 835686,                                             835686, 0.7574210578487033, 19.501307146889822
810, -112.57180662167957, 1, 8.726858365000226, 524, 836210,                                             836210, 0.7721244901532435, 19.606697330038056
811, -79.5673266351223, 2, 2.3003325519966893, 127, 836337,                                             836337, 0.8004200944281, 19.409223624101774
812, 68.14202466607094, 1, 2.1106873379903845, 110, 836447,                                             836447, 0.7976076481017199, 19.34387316270308
813, -80.78524270653725, 2, 2.310220389001188, 122, 836569,                                             836569, 0.858623673681353, 19.69656006234591
814, 134.8724134779768, 1, 6.538802991999546, 393, 836962,                                             836962, 0.8167072799217914, 19.577056710046666
815, -50.79757508635521, 2, 1.3059356779995142, 54, 837016,                                             837016, 0.9045556833346685, 19.837728747615106
816, 83.37426130473614, 1, 2.9271431879897136, 175, 837191,                                             837191, 0.7303743832451957, 19.472000972202846
817, -62.92911172658205, 2, 2.5118405710090883, 129, 837320,                                             837320, 0.8741703421570534, 19.263863593108894
818, 82.34158585965633, 1, 2.9238400059984997, 172, 837492,                                             837492, 0.8399168835129849, 19.768057296442432
819, -44.322311013937, 2, 0.9034868409944465, 30, 837522,                                             837522, 0.8644553780555725, 18.832394727071126
820, -101.09473594278097, 2, 3.53041069599567, 204, 837726,                                             837726, 0.8368283942633984, 19.557927655238732
821, 39.427192559465766, 1, 5.492050089989789, 321, 838047,                                             838047, 0.8122341021013408, 19.63663945539718
822, -54.23853188753128, 2, 1.3053573109937133, 56, 838103,                                             838103, 0.7210743629506656, 19.515903285571508
823, 121.75060344970552, 1, 5.331498537008883, 321, 838424,                                             838424, 0.824266018711518, 19.704046288011973
824, -35.36021476984024, 2, 1.5099826710065827, 66, 838490,                                             838490, 0.7058560048991983, 19.322343811844334
825, 96.55734122917056, 1, 3.7150094420067035, 211, 838701,                                             838701, 0.8457123916861006, 19.48042356572445
826, 45.379486914036534, 1, 9.93233776499983, 597, 839298,                                             839298, 0.793967632143142, 19.562747774811047
827, -29.739497512578964, 2, 1.124310522005544, 59, 839357,                                             839357, 0.7093398298247385, 19.369213653823078
828, 1.1401825099310372, 1, 4.112631452997448, 229, 839586,                                             839586, 0.7776267126397794, 19.514567337702456
829, 111.34856947103981, 1, 10.938198090007063, 656, 840242,                                             840242, 0.8335207335014896, 19.550575158944945
830, -38.30910551548004, 2, 0.9231270669988589, 47, 840289,                                             840289, 0.8669185289677154, 19.583152141976864
831, -8.758550997823477, 1, 2.672582337996573, 153, 840442,                                             840442, 0.8053008224449906, 19.377289734634697
832, -263.1038447320461, 2, 15.169682464998914, 937, 841379,                                             841379, 0.8372619547100942, 19.418589205217717
833, 27.02382273657713, 1, 5.118568935999065, 295, 841674,                                             841674, 0.8556555689391443, 19.54247627258301
834, -36.36906161904335, 2, 0.9053315979981562, 36, 841710,                                             841710, 0.7342911437153816, 19.018494102689957
835, 80.80516913533211, 1, 2.3221125779964495, 131, 841841,                                             841841, 0.777902320596098, 19.39798507981628
836, -387.6496974006295, 2, 13.93994013100746, 849, 842690,                                             842690, 0.8000187947556324, 19.12863795524211
837, -127.071029946208, 2, 3.9299251530028414, 229, 842919,                                             842919, 0.8129223292311206, 19.35956768385708
838, 46.35222231037915, 1, 5.315535550995264, 315, 843234,                                             843234, 0.829037777015141, 19.44081435127864
839, -45.63651621341705, 2, 1.505737480998505, 66, 843300,                                             843300, 0.7495514773058168, 19.225202531525582
840, 64.65153720974922, 1, 2.1113759110012325, 107, 843407,                                             843407, 1.0081292318406505, 19.22111513904322
841, -37.899483354587574, 2, 3.674900769008673, 208, 843615,                                             843615, 0.8128526195024068, 19.50133610688723
842, 117.09221871290356, 1, 7.544938913997612, 455, 844070,                                             844070, 0.794229559976976, 19.477439245286877
843, -46.86100655794144, 2, 1.5057587540068198, 73, 844143,                                             844143, 0.7908574240664913, 19.385350201227894
844, 72.46224889159203, 1, 3.3254902420012513, 194, 844337,                                             844337, 0.8011223988741943, 19.50048530716257
845, -31.96110421232879, 2, 4.112253522005631, 240, 844577,                                             844577, 0.8225811769564947, 19.348123836517335
846, 130.4933184881229, 1, 7.1242955820052885, 422, 844999,                                             844999, 0.8092864611278778, 19.09462194985123
847, -48.4665005505085, 2, 0.920809116010787, 42, 845041,                                             845041, 0.845096788236073, 18.659965605962846
848, 33.418770431308076, 1, 2.510430833994178, 140, 845181,                                             845181, 0.8187905296683311, 19.30870840890067
849, -8.882574255403597, 2, 10.552698611994856, 648, 845829,                                             845829, 0.8131022208174805, 19.078580578168232
850, 44.263232834637165, 1, 3.108542704998399, 176, 846005,                                             846005, 0.8152887882156805, 19.1319005001675
851, -53.066862508654594, 2, 2.304840108001372, 133, 846138,                                             846138, 0.7270046577865916, 18.88999221199437
852, -67.11123709997628, 2, 5.919740752011421, 351, 846489,                                             846489, 0.8187544205759325, 19.115253695735223
853, 100.64584086381365, 1, 4.130275071001961, 246, 846735,                                             846735, 0.7881066771299858, 19.223108966176103
854, -50.25944571197033, 2, 1.3053184620075626, 54, 846789,                                             846789, 0.8366645971934, 18.854214862540918
855, 89.99814733862877, 1, 3.312878071999876, 188, 846977,                                             846977, 0.8402102270976026, 18.99674773723521
856, 63.26798990392126, 1, 8.728922306007007, 526, 847503,                                             847503, 0.8013433123949363, 19.036037495834293
857, -27.414178208106023, 1, 10.335914969007717, 622, 848125,                                             848125, 0.8447291392988714, 19.179614415122764
858, -42.86994022130966, 2, 1.122296142988489, 59, 848184,                                             848184, 0.7949355679043268, 18.653623354637016
859, -3.412043685792014, 1, 3.5117113739979686, 200, 848384,                                             848384, 0.8626731313765049, 18.979632959365844
860, -56.39738351106644, 2, 0.9048467599932337, 30, 848414,                                             848414, 0.8429728746414185, 19.415734990437826
861, 111.38049061410129, 1, 4.456064509999123, 266, 848680,                                             848680, 0.8109684104758098, 19.314254248052613
862, -37.134973376989365, 2, 0.9021064370026579, 40, 848720,                                             848720, 0.7954333402216435, 18.743786931037903
863, 105.48921024799347, 1, 4.13105454298784, 246, 848966,                                             848966, 0.8198122189539235, 19.27049912475958
864, -78.6424888074398, 2, 2.308105957999942, 123, 849089,                                             849089, 0.7536765322452639, 18.693190729714992
865, 123.77092479914427, 1, 4.116259415997774, 241, 849330,                                             849330, 0.8817273483484118, 19.1677241622165
866, -66.11288776993752, 2, 1.5245770519977668, 83, 849413,                                             849413, 0.8628413838794432, 19.05858641934682
867, 20.06203281879425, 1, 3.714596927005914, 211, 849624,                                             849624, 0.8295911964364526, 18.913923304227858
868, -119.41545459628105, 2, 3.733260157998302, 215, 849839,                                             849839, 0.7952209115028381, 19.034060668945312
869, 26.90299419753137, 1, 4.915384517997154, 290, 850129,                                             850129, 0.770642814040184, 18.63122066629344
870, -55.951009809970856, 2, 1.3239399080048315, 72, 850201,                                             850201, 0.796353266470962, 18.54539269871182
871, 40.04154654406011, 1, 2.460756650994881, 133, 850334,                                             850334, 0.9084105901700213, 19.075245570419426
872, -66.59413787722588, 2, 1.1076042460044846, 52, 850386,                                             850386, 0.7269980082145104, 18.770060007388775
873, 113.39661652198993, 1, 5.73476623800525, 353, 850739,                                             850739, 0.7939723020910203, 18.847757644761387
874, -529.2226658575237, 1, 8.729239695996512, 521, 851260,                                             851260, 0.8265172701307542, 18.75731345193171
875, -50.2338867879007, 2, 5.537601807998726, 334, 851594,                                             851594, 0.852556063832637, 18.874111749454887
876, -127.89359319065989, 2, 10.329173332997016, 617, 852211,                                             852211, 0.8352881016472363, 19.041096987175592
877, 83.3608255982399, 1, 2.7101157720026094, 144, 852355,                                             852355, 0.924410741776228, 19.135370790958405
878, -33.229213697020896, 2, 4.717145171991433, 267, 852622,                                             852622, 0.8889615753393495, 18.892798713084016
879, 99.87921844795346, 1, 4.52596139999514, 267, 852889,                                             852889, 0.8227336222536108, 18.97592797082908
880, -45.595947563648224, 2, 1.1030424689961364, 42, 852931,                                             852931, 0.8520774997415996, 18.861562183925084
881, 122.02641486003995, 1, 4.854618527009734, 291, 853222,                                             853222, 0.8366977440327713, 19.035342531105908
882, 47.96712472711806, 1, 11.53944649999903, 696, 853918,                                             853918, 0.8126165241259953, 18.779474869541737
883, -79.18475505709648, 2, 1.9232742919994052, 112, 854030,                                             854030, 0.8158436851309878, 18.616566164152964
884, 95.0854059457779, 1, 2.7112482149968855, 150, 854180,                                             854180, 0.8640694348017375, 18.779340483347575
885, -165.12872058255016, 2, 10.33397110500664, 622, 854802,                                             854802, 0.8348908626573263, 18.676270921897274
886, 101.37465600296855, 1, 4.517046635010047, 254, 855056,                                             855056, 0.8071136106186965, 18.674120978107602
887, 89.04263456747867, 1, 8.52588904699951, 505, 855561,                                             855561, 0.7849739169720376, 18.803649354689192
888, -81.82374707772397, 2, 8.731929311994463, 528, 856089,                                             856089, 0.8856903768398545, 18.74918736291654
889, 36.392068683868274, 1, 7.339962890997413, 450, 856539,                                             856539, 0.810756563146909, 18.829241171942815
890, -47.42740920186043, 2, 1.5039731769938953, 66, 856605,                                             856605, 0.8787312670187517, 18.943796981464732
891, 76.79409036040306, 1, 2.622685520007508, 140, 856745,                                             856745, 0.885591171681881, 18.425350189208984
892, -93.43860703756582, 2, 7.128086618002271, 421, 857166,                                             857166, 0.796316514672123, 18.849885523743982
893, 102.17314969992731, 2, 7.9406019400048535, 478, 857644,                                             857644, 0.8015439030266207, 18.603310064291854
894, -53.457217276329175, 1, 4.1159941160003655, 230, 857874,                                             857874, 0.8359406587870225, 18.635238017206607
895, 81.36523473566922, 2, 8.943570600997191, 546, 858420,                                             858420, 0.7809103796115289, 18.533222030807327
896, 13.180317550402833, 1, 1.301292710006237, 58, 858478,                                             858478, 0.8252308127181284, 18.779698158132618
897, -543.7018589072395, 2, 17.782828615003382, 1105, 859583,                                             859583, 0.8169854285220755, 18.585259076804597
898, 133.53714345762273, 1, 5.316871210001409, 311, 859894,                                             859894, 0.809154359857369, 18.622290080766586
899, -52.249618113040924, 2, 1.1049750770034734, 53, 859947,                                             859947, 0.7838040427216943, 18.521651573900908
900, 108.16150778532028, 1, 3.5267964899976505, 212, 860159,                                             860159, 0.8813695356530963, 18.557786469189626
901, 68.58827329403721, 1, 8.364806510988274, 499, 860658,                                             860658, 0.7948559732260351, 18.459003683560358
902, -49.829911172389984, 2, 1.108246057992801, 45, 860703,                                             860703, 0.7690648727946812, 18.531759601169163
903, 82.02016285061836, 1, 2.922963165998226, 171, 860874,                                             860874, 0.7881902198345341, 18.204207119188812
904, 79.86989001079928, 1, 8.927613258987549, 536, 861410,                                             861410, 0.8285729588746135, 18.396432684428657
905, -34.12470665574074, 2, 0.9041694309999002, 36, 861446,                                             861446, 0.966565877199173, 18.78926173845927
906, 72.03435680270195, 1, 2.3096445410046726, 118, 861564,                                             861564, 0.8278312531568236, 18.76828907303891
907, -288.51594488322735, 2, 10.134233292992576, 610, 862174,                                             862174, 0.7875947061620775, 18.184961064135443
908, 100.52462559938431, 1, 3.1294070910080336, 186, 862360,                                             862360, 0.8640971159742724, 18.687559932790776
909, 36.99882544972934, 1, 11.94291018199874, 719, 863079,                                             863079, 0.8207791969905477, 18.421175570746623
910, -78.45620822906494, 3, 0.9067422730004182, 30, 863109,                                             863109, 0.9864849974711736, 18.274875418345133
911, -20.58408606912417, 2, 4.028696534995106, 245, 863354,                                             863354, 0.8672467827796936, 18.490808245600487
912, -169.66210863739252, 2, 8.935960451010033, 542, 863896,                                             863896, 0.8074057875854063, 18.45696900075652
913, -144.92796922082198, 2, 19.17140342699713, 1186, 865082,                                             865082, 0.8359650590568529, 18.206093695674337
914, -47.20522752360557, 2, 5.918845096006407, 349, 865431,                                             865431, 0.8087801017870534, 18.063185262816685
915, 100.03573226439767, 1, 5.520519230994978, 315, 865746,                                             865746, 0.8079709428643423, 18.247436347840324
916, -44.307228207588196, 2, 1.1214855270081898, 59, 865805,                                             865805, 0.7487231821326886, 18.20047886088743
917, -20.832235874782782, 1, 4.717215088996454, 275, 866080,                                             866080, 0.8221395023302599, 18.249245203191585
918, -79.38075113296509, 2, 0.719489753988455, 30, 866110,                                             866110, 0.9396360943714778, 18.24336929321289
919, 66.9088418509491, 1, 6.924543116008863, 404, 866514,                                             866514, 0.8415801524378286, 18.197088808116348
920, 81.16649106005207, 1, 8.94235920200299, 545, 867059,                                             867059, 0.8475868838642715, 18.191811943054198
921, -240.262672361132, 2, 18.479130970008555, 1137, 868196,                                             868196, 0.8270452248756573, 18.123730453987758
922, 9.784171493025497, 2, 3.7282445739983814, 215, 868411,                                             868411, 0.8396784598051116, 18.224873303258143
923, 40.37140453304164, 1, 5.7213041100039845, 331, 868742,                                             868742, 0.794879243993327, 18.33577408171132
924, -52.50927026569843, 2, 1.9077943489974132, 89, 868831,                                             868831, 0.9225294158030092, 18.211315412199898
925, 101.2460131328553, 1, 4.316583179999725, 241, 869072,                                             869072, 0.8250806879453144, 17.844275783206417
926, -44.82465523481369, 2, 1.1227451550075784, 59, 869131,                                             869131, 0.86808345075381, 18.37244712700278
927, 11.74233998471027, 1, 4.314758249995066, 249, 869380,                                             869380, 0.8263467070328663, 18.08647770096499
928, -8.837455351371318, 1, 7.140157283007284, 435, 869815,                                             869815, 0.8652081293621282, 18.232954082269778
929, -2.8311117089469917, 1, 7.527480197997647, 449, 870264,                                             870264, 0.8037573713104018, 18.052968097423392
930, -113.36564784497023, 2, 3.7290552940103225, 220, 870484,                                             870484, 0.8477211889895526, 18.23599837476557
931, -265.93056504868946, 2, 18.27151104900986, 1129, 871613,                                             871613, 0.8236742455205419, 17.949256209381076
932, -147.70381242409348, 2, 6.136637545991107, 365, 871978,                                             871978, 0.8033242181555865, 17.984565818473083
933, 50.41018391214311, 1, 3.9127492010011338, 216, 872194,                                             872194, 0.7709926365426293, 18.2749978657122
934, -46.896902561187744, 2, 1.5081707240024116, 66, 872260,                                             872260, 0.7421546253291044, 17.778196291490033
935, 105.01404828578234, 1, 3.7141057469998486, 209, 872469,                                             872469, 0.8537469375076476, 18.30566683226225
936, -38.778086215257645, 2, 1.107425249996595, 42, 872511,                                             872511, 0.8473826029470989, 18.047488961900985
937, 139.94155064830557, 1, 5.518975879997015, 324, 872835,                                             872835, 0.8297049690175939, 17.884813767892343
938, -46.8381364941597, 2, 1.124052273997222, 53, 872888,                                             872888, 0.8024725840901429, 17.44439538919701
939, -30.730331938248128, 1, 3.1099236580048455, 170, 873058,                                             873058, 0.7863103047889821, 17.818353540757123
940, -62.87710688263178, 2, 1.7203363320004428, 90, 873148,                                             873148, 0.7471074680487315, 17.889135975307887
941, -92.51136162877083, 2, 7.240738053995301, 427, 873575,                                             873575, 0.8193366277692469, 17.972700889551668
942, 105.17171211866662, 1, 5.9230978790001245, 345, 873920,                                             873920, 0.8250402961088263, 17.813374837239582
943, 1.7942556947091362, 1, 9.537502945997403, 568, 874488,                                             874488, 0.8549489239886613, 17.84330878459232
944, -80.05139303207397, 2, 0.9048328070057323, 30, 874518,                                             874518, 0.8420312066872915, 18.01683972676595
945, 37.63291589170694, 1, 4.531809084000997, 270, 874788,                                             874788, 0.8155104007985857, 17.995899769111915
946, 29.596646524121752, 2, 8.532827040995471, 517, 875305,                                             875305, 0.8026964403905076, 17.71203748492715
947, 96.97586162621155, 1, 4.516029717997299, 263, 875568,                                             875568, 0.8094981860071987, 17.960914822132416
948, -32.17545995116234, 2, 0.9070304889901308, 30, 875598,                                             875598, 0.7186897406975429, 17.155387338002523
949, 99.93013598024845, 1, 3.312777058003121, 177, 875775,                                             875775, 0.8260162718551981, 17.539215987685036
950, -74.25546462833881, 2, 1.7218167970131617, 97, 875872,                                             875872, 0.7955551298008752, 17.897161985181043
951, -13.908985582384048, 1, 3.4151679210044676, 200, 876072,                                             876072, 0.8393272465467453, 17.653208718299865
952, 118.3881572643295, 2, 7.535170450006262, 459, 876531,                                             876531, 0.8089958476085289, 17.698317764631284
953, -31.35971666430123, 2, 2.908037471002899, 161, 876692,                                             876692, 0.8818211683205196, 17.612862379654594
954, -43.29499980644323, 2, 8.142040391991031, 491, 877183,                                             877183, 0.7298721541212435, 17.659112367027888
955, 49.60853670234792, 1, 4.314606656000251, 245, 877428,                                             877428, 0.8255371260399721, 17.96560916900635
956, -50.347031235694885, 2, 1.3212707900092937, 65, 877493,                                             877493, 1.0887420626787039, 17.26266987140362
957, 14.840157263388392, 1, 3.9123105900071096, 219, 877712,                                             877712, 0.8719589834071729, 17.881490128225387
958, 7.997097254556138, 1, 8.138010511000175, 490, 878202,                                             878202, 0.798809951482987, 17.50161138456695
959, -27.743969410657883, 2, 1.1048071020049974, 48, 878250,                                             878250, 1.0034533763925235, 17.651847004890442
960, 75.085480093956, 1, 3.312392189996899, 179, 878429,                                             878429, 0.768234583252635, 17.632043374983294
961, 97.60405568475107, 1, 8.426066226995317, 514, 878943,                                             878943, 0.8495944746505426, 17.68607610858368
962, -45.61805501580238, 2, 0.723711591999745, 30, 878973,                                             878973, 0.7371638099352519, 17.65356903076172
963, -33.646788983925944, 2, 5.714745222998317, 335, 879308,                                             879308, 0.7854014748067998, 17.710846320194985
964, 130.51401823200285, 1, 5.332087204995332, 327, 879635,                                             879635, 0.8155496152351391, 17.514154967911747
965, -122.72458493709564, 2, 1.506923809996806, 73, 879708,                                             879708, 0.8243194402080692, 17.6404213709374
966, 103.3730951398611, 1, 4.730091056000674, 279, 879987,                                             879987, 0.8538130433115053, 17.303839382732214
967, -64.8938153386116, 2, 1.1067803670011926, 48, 880035,                                             880035, 0.695353307450811, 17.53888867298762
968, 112.37154921074398, 1, 4.92880921199685, 295, 880330,                                             880330, 0.7664638075788143, 17.31354490377135
969, -43.774860323173925, 1, 7.923737034012447, 475, 880805,                                             880805, 0.8214857632235477, 17.5402416169016
970, -38.81220129132271, 2, 1.1061617639934411, 47, 880852,                                             880852, 0.7720379563088112, 17.314878646363603
971, 135.66621932573617, 1, 7.183848355998634, 436, 881288,                                             881288, 0.8191142236694283, 17.61508004599755
972, 100.43204198777676, 1, 7.927228770990041, 471, 881759,                                             881759, 0.8618011914367635, 17.52469434758407
973, -80.87523859739304, 2, 2.1089519009983633, 104, 881863,                                             881863, 0.897722021318399, 17.41329614015726
974, 116.79532855236903, 1, 4.731049035006436, 277, 882140,                                             882140, 0.7601838049475467, 17.3635122801853
975, -44.084437876939774, 2, 0.9071134869882371, 36, 882176,                                             882176, 0.7129345362385114, 17.81699670685662
976, 86.459413215518, 1, 2.732093883998459, 156, 882332,                                             882332, 0.8787633608549069, 17.59017797005482
977, 22.096671889186837, 1, 12.341347688998212, 746, 883078,                                             883078, 0.8304943339274972, 17.38235880670215
978, -70.97921067476273, 2, 1.909375256000203, 101, 883179,                                             883179, 0.9018603929198614, 17.00717286780329
979, 94.66793675720692, 1, 2.727497781001148, 160, 883339,                                             883339, 0.8342660283669829, 17.11402795314789
980, 48.72672610951122, 1, 10.334067037998466, 621, 883960,                                             883960, 0.843395771563725, 17.39467606260389
981, -79.84178853034973, 3, 0.5779305690084584, 30, 883990,                                             883990, 0.8619165728489558, 17.388753414154053
982, 27.862972122617066, 1, 1.9051424829958705, 95, 884085,                                             884085, 0.8570929185340279, 16.974052650050112
983, 60.9775323762733, 1, 8.529807443002937, 502, 884587,                                             884587, 0.8458743639794953, 17.294878418227118
984, -58.128353133797646, 2, 2.1083629019994987, 108, 884695,                                             884695, 0.809477651560748, 16.567862493020517
985, 86.72148494422436, 1, 2.929396681007347, 171, 884866,                                             884866, 0.8020622263177793, 17.790629983645434
986, -2.2825349976774305, 1, 8.924871447990881, 535, 885401,                                             885401, 0.7999115164591887, 17.44832226227377
987, 83.74308155264589, 1, 8.341676317999372, 507, 885908,                                             885908, 0.8766741700308798, 17.293037072206154
988, -81.00505042076111, 2, 0.9051152000029106, 30, 885938,                                             885938, 0.7937683284282684, 16.92325455347697
989, -55.16917131468654, 2, 2.723220993997529, 159, 886097,                                             886097, 0.7598997421984403, 16.948114383145697
990, -6.084520602191333, 2, 7.336529349006014, 440, 886537,                                             886537, 0.8500488092276183, 17.18576472455805
991, 10.966867140028626, 1, 0.75579606500105, 30, 886567,                                             886567, 0.7559531291325887, 17.791756693522135
992, 51.22595566336531, 1, 6.9438243780023186, 425, 886992,                                             886992, 0.8146365439891815, 17.2515477438534
993, -50.952833861112595, 2, 1.5060758979961975, 69, 887061,                                             887061, 0.7527029281077178, 17.181722668633945
994, 63.45937943458557, 1, 2.108799755005748, 104, 887165,                                             887165, 0.915306203926985, 17.460563210340645
995, 69.93183639732888, 1, 4.533800372999394, 266, 887431,                                             887431, 0.8104038749422345, 16.959586340681952
996, -51.1009249910021, 2, 6.525269360005041, 380, 887811,                                             887811, 0.8542301499529888, 16.979990193718358
997, 96.8627241573995, 1, 5.119317753997166, 291, 888102,                                             888102, 0.8619382282098135, 17.08192505131882
998, 75.82877844269387, 1, 9.548135283010197, 583, 888685,                                             888685, 0.8795332760896731, 17.0370442028929
999, -73.57367312908173, 2, 1.9110836350009777, 90, 888775,                                             888775, 0.8137968675957785, 17.24056323369344
1000, 111.38500608503819, 1, 4.115695341009996, 227, 889002,                                             889002, 0.7956038084586812, 17.256355970441508
1001, -114.41751299817406, 2, 5.545191126002464, 340, 889342,                                             889342, 0.8111144722384565, 16.897397142298082
1002, -43.34800048478064, 2, 2.912150866992306, 153, 889495,                                             889495, 1.0115427731298934, 17.07046208350487
1003, -137.96248174319044, 2, 4.332643332003499, 251, 889746,                                             889746, 0.7463115845543454, 17.153369253850077
1004, 65.10063116182573, 1, 5.120037111002603, 299, 890045,                                             890045, 0.8649420629576298, 16.904416709440607
1005, -50.98506048321724, 2, 1.5235019149986329, 83, 890128,                                             890128, 0.9142025999994163, 17.2752006369901
1006, -26.434043514193036, 1, 2.9105266039987328, 162, 890290,                                             890290, 0.845543122401944, 17.097175186063037
1007, 9.708859084756114, 1, 7.538408858003095, 456, 890746,                                             890746, 0.859752444387005, 17.277542400778387
1008, -79.05361890792847, 2, 0.9059225050004898, 30, 890776,                                             890776, 0.7358507792154948, 16.924976921081544
1009, 99.2023738026619, 1, 4.315858325004228, 245, 891021,                                             891021, 0.767702617207352, 17.069907328547263
1010, -53.413653929543216, 2, 5.92037956599961, 346, 891367,                                             891367, 0.7945846116783991, 17.08336120395991
1011, 4.224730180154438, 1, 4.133742234989768, 251, 891618,                                             891618, 0.8875263760764286, 17.1042459647494
1012, -26.176662331359694, 2, 3.5089143340010196, 196, 891814,                                             891814, 0.8599726974355931, 17.142992987924693
1013, 110.5191162773408, 1, 4.329382871001144, 260, 892074,                                             892074, 0.8200176096879519, 17.060164286540104
1014, -47.30733343958855, 2, 1.3023424620041624, 59, 892133,                                             892133, 0.7935708983469818, 17.156611297090176
1015, 93.19089566916227, 1, 3.7286192780011334, 226, 892359,                                             892359, 0.8481274696841704, 16.84064744426086
1016, -366.0880714058876, 2, 7.125938712008065, 417, 892776,                                             892776, 0.8054336197227597, 16.82914993231245
1017, 77.48097178339958, 1, 2.710771846002899, 139, 892915,                                             892915, 0.8244080631424198, 16.95066817715871
1018, -51.887540735304356, 2, 2.5134535240067635, 134, 893049,                                             893049, 0.8158003091812134, 16.693331611690237
1019, -68.25577653985238, 2, 5.735926754990942, 340, 893389,                                             893389, 0.7819028707988122, 16.940944177964155
1020, 59.71296165732201, 1, 4.114110045004054, 232, 893621,                                             893621, 0.7580101841996456, 16.584277424319037
1021, 83.94664024433587, 1, 8.359279597003479, 511, 894132,                                             894132, 0.8544196646857402, 16.75001425472491
1022, -71.89782729836588, 2, 6.52077486399503, 388, 894520,                                             894520, 0.8591980927998257, 16.780411838256207
1023, 111.6078579807072, 1, 5.9324221840070095, 359, 894879,                                             894879, 0.8373144539617895, 16.87326312397184
1024, -60.72858390212059, 2, 0.9214927900029579, 42, 894921,                                             894921, 0.8984921794562113, 16.848035290127708
1025, 31.764871072562528, 1, 2.3066569000075106, 121, 895042,                                             895042, 0.8802972310338139, 16.784172854147666
1026, -139.6982813156792, 2, 7.941360980999889, 476, 895518,                                             895518, 0.8821789214716238, 16.85548284474541
1027, -271.87721458439046, 2, 24.58215241599828, 1512, 897030,                                             897030, 0.8468350990621186, 16.787020459376947
1028, -27.771237087319605, 2, 2.5237829870020505, 144, 897174,                                             897174, 0.8517177169107728, 16.775148067209457
1029, 21.83104954357259, 1, 4.513885180000216, 263, 897437,                                             897437, 0.840424660494119, 16.478457367465523
1030, -24.57372516655596, 2, 4.316432694991818, 241, 897678,                                             897678, 0.8843438442317282, 16.92603246997501
1031, 96.31215838727076, 1, 4.920812760989065, 283, 897961,                                             897961, 0.7928316310943226, 16.709637830619677
1032, -47.07177314162254, 2, 0.903779354004655, 41, 898002,                                             898002, 0.9262012839317322, 16.85803131940888
1033, 96.67655247553193, 1, 4.314472429003217, 237, 898239,                                             898239, 0.7746827249034045, 16.730988192658888
1034, 51.743240234784025, 2, 8.745495490991743, 540, 898779,                                             898779, 0.8341799351904128, 16.673428798604895
1035, -202.5949125625193, 1, 5.719902581011411, 334, 899113,                                             899113, 0.7679983787015526, 16.734718454098275
1036, -55.87967148423195, 2, 0.7228517909970833, 35, 899148,                                             899148, 0.7983675105231148, 16.66478821890695
1037, 45.67237687623128, 1, 2.906333082995843, 159, 899307,                                             899307, 0.7569290005935813, 16.526455699272876
1038, 27.47886751079932, 1, 10.934711131005315, 657, 899964,                                             899964, 0.855603823968446, 16.709780977559777
1039, -41.30125233530998, 2, 0.9227821609965758, 47, 900011,                                             900011, 1.0370692230285483, 16.416202950984875
1040, 7.94185914559057, 1, 3.113428330994793, 173, 900184,                                             900184, 0.8861144288426879, 16.59047024787506
1041, 84.15953705066204, 1, 8.336611844002618, 498, 900682,                                             900682, 0.8661459180485293, 16.681969451138293
1042, -77.55078172683716, 2, 0.7206189700082177, 30, 900712,                                             900712, 0.7582753201325735, 16.6035013516744
1043, 18.110155505128205, 1, 3.3123331509996206, 182, 900894,                                             900894, 0.8925380382564042, 16.593623590993356
1044, 85.30753094737884, 1, 8.945277477003401, 549, 901443,                                             901443, 0.8271024635906428, 16.549412315660486
1045, -8.825300382093701, 2, 8.324766281002667, 496, 901939,                                             901939, 0.816552999759874, 16.63710859706325
1046, -43.125927743385546, 2, 6.522688954995829, 376, 902315,                                             902315, 0.8615276040707497, 16.58946114905337
1047, 103.51948790252209, 1, 3.9303402910009027, 233, 902548,                                             902548, 0.8151443315422074, 16.517862401806745
1048, -47.002405762672424, 2, 1.1037339350004913, 41, 902589,                                             902589, 0.9400816705168747, 17.20081703837325
1049, 84.87311898171902, 1, 2.9272288320062216, 165, 902754,                                             902754, 0.8476029036623058, 16.58874304222338
