episode, reward, success, duration, steps, total_steps, memory length, avg_critic_loss, avg_actor_loss
1801, 106.55287086963654, 1, 2.5504168909974396, 126, 1102243,                                             1000000, 1.3382288392574069, 7.404955048409719
1802, -93.13651520013809, 2, 2.3116226209967863, 129, 1102372,                                             1000000, 0.8980713537497114, 6.24104379683502
1803, 43.5475475974381, 1, 4.31651576400327, 256, 1102628,                                             1000000, 0.9526628790190443, 6.311813896871172
1804, -27.995445575972553, 1, 8.73693125299178, 524, 1103152,                                             1000000, 0.8824689569136569, 6.274205128200181
1805, 22.862409963272512, 1, 6.3324091309914365, 389, 1103541,                                             1000000, 0.8663444597187876, 6.17894545174503
1806, -121.71547360694967, 2, 6.9232153429911705, 420, 1103961,                                             1000000, 0.9576073507467906, 5.984120393367041
1807, -42.612870135111734, 2, 2.5234851099958178, 151, 1104112,                                             1000000, 0.982745762692382, 6.246593478499659
1808, 9.556577590759844, 1, 6.522556948999409, 391, 1104503,                                             1000000, 0.8487621841528227, 5.975827898820648
1809, -78.79671287536621, 3, 0.7046877680113539, 30, 1104533,                                             1000000, 1.119249669710795, 5.351213498910268
1810, 42.80056348443031, 1, 1.5044786219950765, 71, 1104604,                                             1000000, 0.864650633553384, 6.215160118022435
1811, 31.76190555660287, 1, 5.415698184995563, 327, 1104931,                                             1000000, 0.8354741278409229, 5.868112832125538
1812, 21.404468905064277, 1, 8.124242349993438, 486, 1105417,                                             1000000, 0.9598662275591014, 5.947989526047628
1813, -56.91336693802441, 1, 7.945358203010983, 490, 1105907,                                             1000000, 0.9063736945998911, 5.851335165147879
1814, -66.97556407889351, 2, 4.115141345988377, 233, 1106140,                                             1000000, 0.9225293152322074, 5.646735549356804
1815, -57.716299414634705, 2, 1.521530616999371, 88, 1106228,                                             1000000, 0.8575529053129933, 6.092617361383005
1816, -4.760547578451224, 1, 3.317067333991872, 186, 1106414,                                             1000000, 0.8721949470940457, 6.073666946862334
1817, 6.928093760507181, 1, 5.72225989800063, 335, 1106749,                                             1000000, 0.90989408039335, 5.669016319869169
1818, -80.3368775844574, 2, 0.5180090369976824, 30, 1106779,                                             1000000, 0.7646561046441396, 5.752284773190817
1819, 65.46472153346986, 1, 2.9108120820019394, 169, 1106948,                                             1000000, 0.9035497471778351, 5.778064372976856
1820, -91.56777571886778, 2, 5.7321880429954035, 357, 1107305,                                             1000000, 0.9333114719190517, 5.832266751457663
1821, -68.14989632740617, 1, 3.985056542995153, 236, 1107541,                                             1000000, 0.9767367202094046, 5.704812796944279
1822, -17.50569822906982, 1, 6.535730611009058, 401, 1107942,                                             1000000, 0.9212712058402653, 5.922026490332777
1823, -76.89034536480904, 2, 0.9027229409985011, 40, 1107982,                                             1000000, 0.8390608251094818, 6.0611402779817585
1824, 69.90503939148039, 1, 4.917964239997673, 286, 1108268,                                             1000000, 1.007378758979844, 6.019621601471534
1825, -82.20569631457329, 2, 1.3194180779973976, 75, 1108343,                                             1000000, 0.9001793162027995, 6.1950319679578145
1826, 6.630532760173082, 1, 0.705116305995034, 30, 1108373,                                             1000000, 1.2063772002855937, 6.047694532076518
1827, 13.646549191296799, 1, 5.524213646000135, 322, 1108695,                                             1000000, 0.906915449670383, 5.666903360660032
1828, -78.47167897224426, 2, 0.7051459810027154, 30, 1108725,                                             1000000, 1.0207835992177328, 5.5832412083943685
1829, -18.631911009550095, 2, 1.5189077450049808, 81, 1108806,                                             1000000, 0.9259934406957508, 5.819063114531247
1830, 32.88888760097325, 1, 5.51808114699088, 332, 1109138,                                             1000000, 0.8957956615521248, 5.56241444282862
1831, -69.3763057589531, 2, 1.3951181929878658, 71, 1109209,                                             1000000, 0.8533860696873194, 5.859712995273966
1832, -1.7110477983951569, 1, 0.5155916479998268, 30, 1109239,                                             1000000, 1.0582197149594625, 6.4902253945668535
1833, -166.8476264476776, 2, 2.7097395140008302, 147, 1109386,                                             1000000, 0.8271844918225087, 6.114008304415917
1834, 34.83868506341241, 1, 3.7286211280006683, 224, 1109610,                                             1000000, 0.9453931352389711, 5.722387985193303
1835, -1.6304110738565214, 1, 6.318112775988993, 373, 1109983,                                             1000000, 0.9646045640710212, 5.963115604569381
1836, -119.9376425743103, 2, 0.9174383370118449, 51, 1110034,                                             1000000, 0.8766863842805227, 5.8090623313305425
1837, 27.553458309033886, 1, 4.11333258698869, 234, 1110268,                                             1000000, 0.8759119784475392, 5.557867105190571
1838, 11.475722516421229, 1, 5.323308412000188, 314, 1110582,                                             1000000, 0.8925781155088145, 5.888428175050741
1839, 33.86637837304443, 1, 5.120389760995749, 298, 1110880,                                             1000000, 0.9678543302036772, 5.776532580088449
1840, -77.2839474529028, 2, 1.1036539290071232, 50, 1110930,                                             1000000, 0.8907059442996978, 6.082836067676544
1841, 2.432924805674702, 1, 5.788615231009317, 350, 1111280,                                             1000000, 0.9142420881135123, 5.733381960391998
1842, 36.020106905605644, 1, 6.325295699003618, 381, 1111661,                                             1000000, 0.9031783859404366, 5.728539586536527
1843, -80.47866153717041, 2, 0.706861579004908, 30, 1111691,                                             1000000, 0.9824310431877772, 5.364337587356568
1844, -62.41737214103341, 2, 1.7080748729931656, 87, 1111778,                                             1000000, 0.9744065314873882, 5.8267199732791415
1845, 22.859986916184425, 1, 4.327378423011396, 267, 1112045,                                             1000000, 0.9078709729825066, 5.746308082051938
1846, 40.12355784067768, 1, 2.910926832992118, 164, 1112209,                                             1000000, 0.9157379565805923, 5.820285017897443
1847, -81.77444219589233, 3, 0.7204977579967817, 30, 1112239,                                             1000000, 0.804135458668073, 6.3036627491315205
1848, -88.5841417312622, 2, 1.5057962040009443, 76, 1112315,                                             1000000, 0.8953044014541727, 5.65249607751244
1849, 31.868147640721872, 1, 3.712817827996332, 211, 1112526,                                             1000000, 0.9222792964693495, 5.595453754844259
1850, -43.22141898670816, 1, 7.524733947007917, 451, 1112977,                                             1000000, 0.9192961486110137, 5.768729533099811
1851, -71.75543308258057, 3, 0.5845241060014814, 30, 1113007,                                             1000000, 1.0662167390187582, 5.696414752801259
1852, -37.90150837600231, 2, 1.3039461510052206, 63, 1113070,                                             1000000, 0.8608366586859264, 5.9506774459566385
1853, 30.733001427957788, 1, 2.921589934005169, 175, 1113245,                                             1000000, 0.9232084969111851, 5.759136458805629
1854, -59.85943761467934, 2, 0.7039372199942591, 30, 1113275,                                             1000000, 0.9742004781961441, 5.945767641067505
1855, 25.931848872452974, 2, 2.711705408000853, 145, 1113420,                                             1000000, 0.9735436682043405, 5.703546018436037
1856, -45.94765679584816, 2, 1.5067044460010948, 75, 1113495,                                             1000000, 0.8508538484573365, 6.031657326221466
1857, 28.242921299650334, 1, 3.7133401290047914, 207, 1113702,                                             1000000, 0.9522394490414772, 5.811088537248437
1858, -14.179036401561461, 2, 5.127350516995648, 308, 1114010,                                             1000000, 0.9071106161777075, 5.787329901154939
1859, 35.14356916467659, 1, 4.315611999001703, 253, 1114263,                                             1000000, 0.8538289720361883, 5.358420888779191
1860, -57.78480145521462, 2, 2.9232069599966053, 171, 1114434,                                             1000000, 1.0340259943092078, 5.723675895416946
1861, -15.30708790148492, 2, 4.160745941000641, 241, 1114675,                                             1000000, 0.9261358879908487, 5.209176915809821
1862, 42.37485113739967, 1, 1.5065714249940356, 77, 1114752,                                             1000000, 0.9087163434400187, 5.712537896323513
1863, -6.2410117645486025, 2, 3.3257244029955473, 194, 1114946,                                             1000000, 0.8722614086780351, 5.629359401992915
1864, 13.928222537011607, 1, 1.504904440997052, 75, 1115021,                                             1000000, 0.797021731932958, 5.527266715367635
1865, -83.71041989326477, 2, 0.518279628988239, 30, 1115051,                                             1000000, 0.7894560118516286, 5.462583124637604
1866, 48.75666316226125, 1, 3.111621384989121, 182, 1115233,                                             1000000, 0.8661768420056982, 5.932416510450971
1867, -24.45433048484847, 1, 4.513694573994144, 269, 1115502,                                             1000000, 0.9606388919193949, 5.755607662369328
1868, -83.27846121788025, 2, 0.7073174380057026, 30, 1115532,                                             1000000, 0.921608391404152, 5.231224719683329
1869, 38.07311323611066, 1, 2.526641357995686, 148, 1115680,                                             1000000, 0.9121610429641362, 6.078412510253288
1870, 11.462505376606714, 1, 3.5122379359963816, 204, 1115884,                                             1000000, 0.8828405869357726, 5.607130556714301
1871, 44.13501621305477, 1, 7.388347732005059, 450, 1116334,                                             1000000, 0.940836081703504, 5.252085841960377
1872, -41.36537875048816, 2, 0.7037519519944908, 30, 1116364,                                             1000000, 1.142666608095169, 5.917010998725891
1873, 35.625584504858125, 1, 2.323524452993297, 139, 1116503,                                             1000000, 0.9114361452541763, 5.510191483892125
1874, 41.57630138553213, 1, 7.1220840139867505, 432, 1116935,                                             1000000, 0.9200139188518127, 5.397158321131159
1875, -24.06959901092341, 2, 1.5080637940118322, 75, 1117010,                                             1000000, 0.9470871126651764, 5.237283792495727
1876, -63.6556438729167, 2, 1.7066653340007178, 88, 1117098,                                             1000000, 0.8677436052398249, 5.61686603047631
1877, 17.47322360740509, 1, 4.531736673001433, 269, 1117367,                                             1000000, 0.9404681730447648, 5.589938525816765
1878, 39.43733770539984, 1, 4.312356102003832, 253, 1117620,                                             1000000, 0.8507250141013752, 5.528637145347746
1879, -72.005784034729, 2, 0.5208869210036937, 30, 1117650,                                             1000000, 0.8704768876234691, 5.653321615854899
1880, 33.15246049128473, 1, 2.9109692060010275, 165, 1117815,                                             1000000, 0.8794879571958022, 5.405256032401865
1881, -35.087014641350834, 2, 2.147763014989323, 113, 1117928,                                             1000000, 0.926371316994186, 5.225152312126835
1882, 47.385974653065205, 1, 1.5220822609990137, 88, 1118016,                                             1000000, 0.8810668777335774, 5.371816475960341
1883, -69.99029259569943, 1, 6.120959697989747, 370, 1118386,                                             1000000, 0.9055112239476797, 5.300413489341736
1884, -101.8924863319844, 2, 4.518730830997811, 269, 1118655,                                             1000000, 0.9600912396792586, 5.3294607852914515
1885, 24.697009078692645, 1, 3.326522005998413, 201, 1118856,                                             1000000, 0.8868413297691156, 5.418069046231644
1886, -48.117404274176806, 2, 5.318745758995647, 308, 1119164,                                             1000000, 0.8890062923748772, 5.388379149816253
1887, 39.848312983120195, 1, 2.9284189329919172, 180, 1119344,                                             1000000, 0.9185718761550056, 5.651049812469218
1888, -7.8017891448689625, 2, 6.322094799004844, 372, 1119716,                                             1000000, 0.9429012067535872, 5.458198261837805
1889, 40.50319931656122, 1, 1.5214422569988528, 89, 1119805,                                             1000000, 0.9655982359741511, 5.311186736219384
1890, -86.2552580833435, 2, 0.7017026190005708, 30, 1119835,                                             1000000, 0.9925860106945038, 5.37302263379097
1891, 74.860404944513, 1, 4.361557783005992, 272, 1120107,                                             1000000, 0.9620302523321965, 5.368870720486431
1892, -77.71141038398491, 1, 4.316924632003065, 254, 1120361,                                             1000000, 0.9808215947132412, 5.145746860917159
1893, -84.82260131835938, 2, 0.5202362529962556, 30, 1120391,                                             1000000, 0.8458569506804149, 5.091410235563914
1894, 67.09319356048945, 1, 4.1125136019982165, 239, 1120630,                                             1000000, 0.8524022189643093, 5.48267486504431
1895, -26.110645655920962, 2, 5.32060372599517, 318, 1120948,                                             1000000, 0.8886861229467692, 5.26268156753771
1896, 61.39149209484458, 1, 4.328442607002216, 263, 1121211,                                             1000000, 0.8331828966113551, 5.0423723598623456
1897, -82.4453296661377, 2, 0.702981328999158, 30, 1121241,                                             1000000, 0.845150222380956, 4.549962084492048
1898, -21.279273226857185, 2, 1.5191151010076283, 81, 1121322,                                             1000000, 0.9023143450419108, 4.897279862268471
1899, 18.556369098369032, 1, 3.5150384199951077, 204, 1121526,                                             1000000, 0.9771928655750611, 5.043289676016452
1900, -78.07865950255655, 1, 7.324162504999549, 443, 1121969,                                             1000000, 0.9212573877710252, 5.354722523460539
1901, -47.26037048175931, 2, 1.0447253940074006, 64, 1122033,                                             1000000, 0.8825303358025849, 5.325107605196536
1902, -62.583167031407356, 2, 1.7084686849993886, 88, 1122121,                                             1000000, 1.009180385619402, 4.987759785895998
1903, 57.60021283105016, 1, 3.9319375830091303, 243, 1122364,                                             1000000, 0.8430860909660167, 5.352634990902104
1904, -103.19493103027344, 2, 0.7036533240025165, 30, 1122394,                                             1000000, 1.1441555937131247, 6.008315787712733
1905, 21.494695723056793, 1, 0.5190263690019492, 30, 1122424,                                             1000000, 1.0969378113746644, 5.223846872647603
1906, -208.9411965161562, 1, 5.118676372003392, 295, 1122719,                                             1000000, 0.905936457140971, 5.057902344404641
1907, 4.253513075760566, 2, 6.3399288919899845, 388, 1123107,                                             1000000, 0.8653730502755371, 5.212849242785542
1908, 4.968228534329683, 1, 2.3101100030035013, 126, 1123233,                                             1000000, 0.9527759502331415, 5.012751019190228
1909, -53.25176530866884, 2, 4.323062745999778, 263, 1123496,                                             1000000, 1.046841684289758, 5.518720875108197
1910, 19.74960309639573, 1, 3.714089786997647, 217, 1123713,                                             1000000, 0.9936795137170273, 5.418442334035575
1911, -59.724461048841476, 2, 0.9266040579968831, 46, 1123759,                                             1000000, 0.859085878600245, 4.900558483341466
1912, -56.26342414692044, 1, 4.117781420995016, 233, 1123992,                                             1000000, 0.875488651412751, 4.860574418511002
1913, -5.518277522656717, 2, 3.5137856460059993, 201, 1124193,                                             1000000, 0.9297930925936249, 5.176614123493878
1914, -5.964554011821747, 2, 1.5065854029962793, 70, 1124263,                                             1000000, 0.9335062661341258, 4.865889253786632
1915, 38.556622169562615, 1, 2.9244720699934987, 173, 1124436,                                             1000000, 0.9237148747967847, 4.914839661018008
1916, -23.834790240973234, 2, 1.7073561170109315, 89, 1124525,                                             1000000, 0.9509443885154938, 5.260435515575194
1917, -55.351557484740624, 2, 1.7097604040027363, 88, 1124613,                                             1000000, 0.8191880180754445, 4.5824338367039505
1918, -48.716134771704674, 2, 1.506738554002368, 75, 1124688,                                             1000000, 0.964051387310028, 4.968470129569371
1919, 53.25352035462856, 1, 3.914843808990554, 229, 1124917,                                             1000000, 0.8866694356156228, 4.976316606373766
1920, -83.69415760040283, 2, 0.5187283349951031, 30, 1124947,                                             1000000, 1.127834177017212, 5.52653759320577
1921, 36.22523319523316, 1, 3.1152385320019675, 178, 1125125,                                             1000000, 0.9033320383744293, 4.98586614932237
1922, -56.505269213812426, 2, 2.9113582580030197, 168, 1125293,                                             1000000, 0.9420701142932687, 5.1194820283424285
1923, 37.29267948522465, 1, 3.928064400999574, 235, 1125528,                                             1000000, 0.9763165115041935, 5.137078852856413
1924, 16.48356649366906, 1, 5.519200043010642, 327, 1125855,                                             1000000, 0.9225148852082932, 5.150564176591529
1925, -29.739409167086706, 2, 2.3080867399985436, 125, 1125980,                                             1000000, 0.9119386475086212, 5.162681090354919
1926, 36.31600477907341, 1, 2.909779110006639, 164, 1126144,                                             1000000, 0.9050595963873515, 4.762592286234948
1927, -47.402420081867604, 2, 5.316239892999874, 306, 1126450,                                             1000000, 0.8790439017652686, 5.08177035082789
1928, 28.389284535311162, 1, 3.5115842560044257, 196, 1126646,                                             1000000, 0.8854764803331725, 4.973471220354645
1929, 44.772546225227416, 1, 3.512823790006223, 207, 1126853,                                             1000000, 0.9191785030030973, 5.209987211342595
1930, -81.57639336585999, 3, 0.5181857240095269, 30, 1126883,                                             1000000, 1.0994117329518, 4.879602507750193
1931, -9.762315843254328, 2, 1.3006641040119575, 69, 1126952,                                             1000000, 0.9192308550295623, 5.331273334613745
1932, 27.507698609493673, 1, 2.926007137997658, 169, 1127121,                                             1000000, 1.086406762783344, 4.87678091183922
1933, -50.73307603597641, 2, 0.9053975760034518, 32, 1127153,                                             1000000, 1.2057231720536947, 4.454885245300829
1934, 52.89970061555505, 1, 2.9144392279995373, 161, 1127314,                                             1000000, 0.8848654496373597, 5.035506473935169
1935, -51.13546535372734, 2, 1.1074422620004043, 42, 1127356,                                             1000000, 1.1422326181616103, 4.958464043481009
1936, 42.002309679985046, 1, 1.9118857569992542, 99, 1127455,                                             1000000, 0.9920416811499932, 5.437802324391375
1937, -61.74779210591805, 2, 3.1110377380100545, 175, 1127630,                                             1000000, 0.9518289596693856, 4.8768342886652265
1938, 51.94030789169483, 1, 4.114552901999559, 244, 1127874,                                             1000000, 0.9215316506194287, 5.0027207535554155
1939, 22.555144631414805, 1, 5.130546622007387, 318, 1128192,                                             1000000, 0.9300238892154874, 5.110216035314326
1940, -70.12366720242426, 2, 4.115835164993769, 233, 1128425,                                             1000000, 0.9442171367452892, 4.797201565278958
1941, -31.106108990090434, 2, 4.532412585991551, 277, 1128702,                                             1000000, 0.9631517709162261, 4.92674589576704
1942, -6.032614469528198, 1, 0.7043430830090074, 30, 1128732,                                             1000000, 1.0631902694702149, 5.753692360719045
1943, 11.383917363215005, 2, 3.7178876889956882, 213, 1128945,                                             1000000, 0.8585928528801376, 4.720755962978506
1944, 57.24469232559204, 1, 2.724379121005768, 162, 1129107,                                             1000000, 0.9173200426646221, 4.999119796134807
1945, -46.45781243592501, 2, 1.3061327879986493, 64, 1129171,                                             1000000, 0.8466015509329736, 4.428894341457635
1946, 59.04138139821589, 1, 3.730772290000459, 230, 1129401,                                             1000000, 0.9782745106064755, 4.887591623482497
1947, -348.4592427164316, 1, 6.922575096003129, 414, 1129815,                                             1000000, 0.9565713697153589, 4.636223317632353
1948, -82.02624929571175, 1, 6.537065819997224, 404, 1130219,                                             1000000, 0.9354045788692956, 4.916103742795415
1949, -81.59726119041443, 3, 0.7070429999876069, 30, 1130249,                                             1000000, 0.8881938040256501, 5.395959170659383
1950, 24.90155789256096, 1, 0.5213047480065143, 30, 1130279,                                             1000000, 1.0852582037448884, 4.524001137415568
1951, -98.09531331062317, 2, 1.2878150470060064, 64, 1130343,                                             1000000, 0.9622527579776943, 4.530330199282616
1952, -58.67557030916214, 2, 1.5227872240066063, 81, 1130424,                                             1000000, 0.8307717887707698, 4.372548264485818
1953, 0.6060774801298976, 2, 5.519707857994945, 326, 1130750,                                             1000000, 1.0207747500732633, 4.654413948578338
1954, 43.80891287326813, 1, 1.7090941860078601, 90, 1130840,                                             1000000, 0.9102150013049444, 4.993637966447406
1955, -70.06419676542282, 2, 1.3072357660130365, 63, 1130903,                                             1000000, 0.89200055315381, 4.731631459224792
1956, 43.03030994720757, 1, 2.725281407998409, 161, 1131064,                                             1000000, 0.8193242986750159, 4.856478916191906
1957, -18.70300697197672, 1, 7.120594681007788, 432, 1131496,                                             1000000, 0.9209602617279247, 4.72646195013766
1958, -43.06538709998131, 2, 1.5066042539983755, 69, 1131565,                                             1000000, 0.8763118131437163, 4.660663776639579
1959, 39.891764712985605, 1, 3.9290364920016145, 232, 1131797,                                             1000000, 0.9859238078111204, 4.85053339529911
1960, -83.40879225730896, 2, 0.7066464269882999, 30, 1131827,                                             1000000, 1.2373659451802572, 5.404813688993454
1961, 31.193205952644348, 1, 0.6857415679987753, 30, 1131857,                                             1000000, 0.9495271344979604, 4.8268086036046345
1962, 36.38450094193104, 1, 6.321827663996373, 377, 1132234,                                             1000000, 0.9962454195522187, 4.907319168829475
1963, -81.11043667793274, 2, 0.7067212240071967, 30, 1132264,                                             1000000, 0.9243139346440633, 3.8461709717909494
1964, 34.772208139300346, 1, 1.522328890991048, 86, 1132350,                                             1000000, 0.916231689758079, 4.897484192321467
1965, -60.31415757164359, 2, 3.7128984830051195, 208, 1132558,                                             1000000, 0.8582499716430902, 4.699229023777521
1966, 34.91450833482668, 1, 2.931307063990971, 171, 1132729,                                             1000000, 0.9364101215761308, 4.508969269649327
1967, -58.73356857756153, 2, 4.913802837996627, 289, 1133018,                                             1000000, 0.9516549197035264, 4.917432248592377
1968, -47.481188475721865, 2, 1.7083900709985755, 88, 1133106,                                             1000000, 1.0472260937094688, 5.021557296202942
1969, 25.61621458362788, 1, 3.3130394670006353, 188, 1133294,                                             1000000, 0.9593524319377351, 4.757747698258212
1970, -38.53569465619512, 2, 6.724353238008916, 401, 1133695,                                             1000000, 0.9691952792486348, 4.72737255789098
1971, 33.51547227241099, 1, 3.49829564600077, 203, 1133898,                                             1000000, 0.9349321579111034, 4.846366878213553
1972, 33.31364220753312, 1, 5.334593930005212, 328, 1134226,                                             1000000, 1.0054615350758158, 4.394773314093671
1973, -52.565439999103546, 3, 1.7083829270122806, 90, 1134316,                                             1000000, 0.8240210509962506, 4.359048293696509
1974, -49.13816139101982, 2, 1.5211973590048729, 88, 1134404,                                             1000000, 1.0229783227497882, 4.583737860349092
1975, 22.0008260961622, 1, 3.9141962659923593, 233, 1134637,                                             1000000, 0.9017631709575653, 4.352892923380684
1976, 17.305064721032977, 1, 3.7294054840022, 230, 1134867,                                             1000000, 0.9339411250922991, 4.439664358030194
1977, -46.74069206416607, 2, 1.5082331809971947, 70, 1134937,                                             1000000, 0.9850066427673613, 3.999283276285444
1978, -34.21856982819736, 2, 1.5055403749865945, 69, 1135006,                                             1000000, 0.8728865881760915, 4.38115448191546
1979, -46.391679883003235, 2, 1.319141990999924, 68, 1135074,                                             1000000, 0.8030818144188208, 4.547879971125546
1980, 29.13372188282665, 1, 3.913769997001509, 226, 1135300,                                             1000000, 0.9440056543170878, 4.457818615291498
1981, -65.487089574337, 3, 0.8667519410082605, 33, 1135333,                                             1000000, 1.0195976748610989, 3.7845986783504486
1982, 47.92504405975342, 1, 2.1236139069951605, 122, 1135455,                                             1000000, 1.1293246513995967, 4.844655781007204
1983, -93.50055559110478, 2, 4.515901590013527, 264, 1135719,                                             1000000, 1.0271155440220328, 4.452077198830066
1984, -38.915544893592596, 2, 1.3228083760041045, 69, 1135788,                                             1000000, 1.0056854866553044, 4.7087845741838645
1985, 26.15443662146572, 1, 3.5140843390108785, 203, 1135991,                                             1000000, 0.9927561095195451, 4.756272616644798
1986, -75.09719404578209, 3, 1.123686844992335, 62, 1136053,                                             1000000, 1.0021236159147755, 4.570750664318761
1987, -140.122028631391, 1, 2.911138233001111, 162, 1136215,                                             1000000, 0.8714499747679557, 4.958317220946888
1988, -8.928423800505698, 2, 4.931253659000504, 295, 1136510,                                             1000000, 0.9436098262415094, 4.484592176594977
1989, -113.75303438305855, 2, 1.908954113998334, 103, 1136613,                                             1000000, 1.0206149385392087, 4.44193611330199
1990, -85.02386763691902, 2, 1.7100296779972268, 88, 1136701,                                             1000000, 1.0066247866912321, 4.662952727892182
1991, 28.67916217725724, 1, 3.089828617987223, 189, 1136890,                                             1000000, 0.9987675476641882, 4.204118427145418
1992, 12.406658736988902, 1, 4.3170400240051094, 248, 1137138,                                             1000000, 0.8820611358650269, 4.380538252572859
1993, -139.8765956091229, 2, 2.7307440220029093, 159, 1137297,                                             1000000, 0.9550125653263908, 4.3215331000352055
1994, 23.151422772585647, 1, 3.1122710189956706, 175, 1137472,                                             1000000, 1.0747158891814095, 4.560538690771375
1995, 4.461971800526953, 1, 3.3139250579988584, 187, 1137659,                                             1000000, 0.9145124012773688, 4.196819859073761
1996, 18.77567862253636, 1, 5.114227789992583, 305, 1137964,                                             1000000, 0.9912987697319906, 4.376421022366305
1997, -49.25791781395674, 2, 1.5214751370076556, 83, 1138047,                                             1000000, 0.9993309418121016, 4.4101389021758575
1998, -36.118668542127125, 2, 1.9077465999871492, 104, 1138151,                                             1000000, 0.8661216357006476, 4.394270679125419
1999, -70.19038271903992, 2, 1.7099869119992945, 82, 1138233,                                             1000000, 1.1283352171502463, 4.997496177510517
2000, 58.028667566366494, 1, 4.117232190008508, 234, 1138467,                                             1000000, 0.9636599942405, 4.248419466309058
2001, -94.4353495859541, 2, 5.050792473994079, 302, 1138769,                                             1000000, 0.8388448054624709, 4.190014242435133
2002, 43.83295909699518, 1, 4.515452644001925, 260, 1139029,                                             1000000, 0.8969877706124232, 4.398996724417576
2003, 10.096187090908643, 1, 4.312654034001753, 246, 1139275,                                             1000000, 0.9756006897707296, 4.23343417629963
2004, -138.98442513997725, 2, 2.509174092003377, 132, 1139407,                                             1000000, 1.013681950668494, 4.2997149904117435
2005, 28.92585471039638, 1, 3.3294857970031444, 195, 1139602,                                             1000000, 0.9932545677209512, 4.580300795114957
2006, -76.95942653226666, 2, 5.719712225996773, 334, 1139936,                                             1000000, 0.9750919491944913, 4.488876364009823
2007, -33.829245418077335, 2, 2.509881712991046, 132, 1140068,                                             1000000, 0.9098822589625012, 4.506388084680745
2008, 43.48682701680809, 1, 3.316641529003391, 183, 1140251,                                             1000000, 0.8679132694429387, 4.085769554630655
2009, -50.19622018933296, 2, 0.7069610049948096, 31, 1140282,                                             1000000, 1.010962643930989, 4.5987366380230075
2010, 44.044802161632106, 1, 2.911155930996756, 169, 1140451,                                             1000000, 0.9843462770859871, 3.9089647974135606
2011, -43.42499342560768, 2, 1.0213602150033694, 46, 1140497,                                             1000000, 1.1370808119359224, 5.112194534229196
2012, 50.357511445879936, 1, 2.310320878008497, 131, 1140628,                                             1000000, 0.9775620346305934, 4.530302763895224
2013, -84.17536304355599, 2, 3.3139700800093124, 182, 1140810,                                             1000000, 0.9455184703999824, 4.007551230408333
2014, 19.621648063650355, 1, 2.9109671370097203, 159, 1140969,                                             1000000, 0.9772722704230614, 4.610850592266838
2015, 18.392867803107947, 1, 8.528929734995472, 517, 1141486,                                             1000000, 0.9499496286680896, 3.9261635131485457
2016, -77.85525380307809, 2, 2.9118920329929097, 169, 1141655,                                             1000000, 1.0245858425572074, 3.711626475732002
2017, 27.633703839965165, 1, 3.5138704440032598, 199, 1141854,                                             1000000, 0.9605823021438253, 4.454909359689933
2018, -18.716483812080696, 2, 5.725700889001018, 332, 1142186,                                             1000000, 0.9442342665181103, 4.08698670745614
2019, 34.32309294305742, 1, 3.1113910990097793, 175, 1142361,                                             1000000, 0.9339252344199589, 4.245900482109615
2020, -58.670889470900875, 2, 5.333945264006616, 319, 1142680,                                             1000000, 0.927330419000787, 4.299423159570156
2021, 34.577623847304494, 1, 5.0114937530015595, 293, 1142973,                                             1000000, 0.9742882242585205, 4.209288756086558
2022, -82.52204751968384, 2, 0.7041518299956806, 30, 1143003,                                             1000000, 0.8607521494229634, 4.42432734966278
2023, 42.10022556781769, 1, 1.506968597008381, 73, 1143076,                                             1000000, 0.8623205696883267, 3.895957702643251
2024, -84.10299491882324, 2, 0.7020716740080388, 30, 1143106,                                             1000000, 1.0827219088872273, 4.105617725849152
2025, 38.32172099361196, 1, 3.315393598997616, 181, 1143287,                                             1000000, 0.9689971276080411, 3.718416791759143
2026, -53.52940053353086, 2, 3.315177505995962, 194, 1143481,                                             1000000, 0.9255685147243676, 4.164774070849123
2027, 32.83159297669772, 1, 2.724713564995909, 167, 1143648,                                             1000000, 0.9409910237003943, 4.258624222999561
2028, -50.3897112676641, 1, 5.716570453005261, 341, 1143989,                                             1000000, 0.9111187530577707, 4.23245974448769
2029, -74.6081006526947, 2, 0.5178947460080963, 30, 1144019,                                             1000000, 0.9322585801283518, 3.893007280429204
2030, 18.35499104997143, 1, 3.3126794039999368, 184, 1144203,                                             1000000, 0.9392733499407768, 3.9366393126547337
2031, 10.157500387285836, 1, 3.8038740580086596, 224, 1144427,                                             1000000, 0.9534908132627606, 4.154193004460207
2032, -47.907142639160156, 2, 1.3079349290055688, 63, 1144490,                                             1000000, 1.0783302339296492, 4.034227167803143
2033, 41.05286009609699, 1, 2.328414135001367, 137, 1144627,                                             1000000, 0.980025507890395, 4.10589387425541
2034, -81.6609354019165, 2, 0.7048226490005618, 30, 1144657,                                             1000000, 1.126480406522751, 4.212195895115534
2035, -31.136394750792533, 2, 1.321090251993155, 68, 1144725,                                             1000000, 1.1386285818674986, 4.173968089854016
2036, 10.754034630685055, 1, 3.7153688659891486, 212, 1144937,                                             1000000, 0.9386630544684967, 4.347080609286731
2037, 37.289451375138015, 1, 4.51625149899337, 268, 1145205,                                             1000000, 0.9135486838310513, 3.9718930914775648
2038, -74.16383767127991, 2, 0.7039345430093817, 30, 1145235,                                             1000000, 0.7763745933771133, 4.115982540448507
2039, 45.91587956249714, 1, 2.9261039840057492, 180, 1145415,                                             1000000, 0.9642919103304545, 3.7488095937503707
2040, -54.22104381677491, 2, 4.9161809899960645, 289, 1145704,                                             1000000, 0.9257612889407003, 4.135479205413673
2041, 32.489302140893415, 1, 2.7915573599893833, 168, 1145872,                                             1000000, 0.9743415145646959, 4.219556123727844
2042, 0.675457997887861, 1, 6.526001995996921, 395, 1146267,                                             1000000, 0.9588273482232155, 4.069795375760598
2043, -21.62991613403028, 2, 2.9277196720067877, 171, 1146438,                                             1000000, 0.9666363459232955, 3.8892952174122573
2044, -126.530901491642, 2, 2.109071810002206, 110, 1146548,                                             1000000, 1.0140680903738195, 3.9756283808838235
2045, 30.417340505402535, 1, 3.315751710004406, 183, 1146731,                                             1000000, 0.9818069591222565, 3.9917622231394865
2046, -54.92540817230474, 2, 4.519704380989424, 263, 1146994,                                             1000000, 1.0314472804957924, 4.064259550870598
2047, 46.790404595434666, 1, 3.9139660889923107, 230, 1147224,                                             1000000, 0.9398978958959164, 3.9058005649110545
2048, 11.220459422213025, 1, 4.518546784995124, 267, 1147491,                                             1000000, 0.9630107657516493, 3.704697315166059
2049, -83.80473375320435, 2, 0.5183789169968804, 30, 1147521,                                             1000000, 1.1169633706410727, 3.858736002445221
2050, 34.44429682288319, 1, 2.3092072120052762, 128, 1147649,                                             1000000, 0.9510317640379071, 4.101689219009131
2051, -37.426228794269264, 2, 4.393997521998244, 270, 1147919,                                             1000000, 1.0165998354002281, 3.9771827552053662
2052, 34.04481328098336, 1, 3.712485537995235, 213, 1148132,                                             1000000, 0.9933949298981769, 3.910407935789493
2053, -84.50732088088989, 2, 0.7064976029942045, 30, 1148162,                                             1000000, 1.0695715248584747, 4.395719225207965
2054, 50.12915159761906, 1, 1.908780936995754, 97, 1148259,                                             1000000, 0.9393458655200053, 3.4609148655970072
2055, -29.157417304813862, 2, 0.7203296859952388, 37, 1148296,                                             1000000, 0.8752188505353155, 3.7797006964683533
2056, -39.64052875339985, 2, 1.1056487329915399, 51, 1148347,                                             1000000, 0.9474441151992947, 4.193590432989831
2057, 59.34919141745195, 1, 4.320188860001508, 250, 1148597,                                             1000000, 0.917113908290863, 3.7635250642299654
2058, -53.997299052774906, 1, 3.7288466059981147, 225, 1148822,                                             1000000, 0.9574577180544536, 4.008549959659576
2059, -73.55444547707157, 2, 3.3162267149891704, 195, 1149017,                                             1000000, 0.941530351455395, 3.6510469049979477
2060, -60.7869634591043, 2, 1.7088141730055213, 82, 1149099,                                             1000000, 1.0519334074200652, 3.7362081463017116
2061, 43.46673345193267, 1, 3.7701624010078376, 224, 1149323,                                             1000000, 1.0473505386284419, 4.0088522443547845
2062, -23.72186311025871, 2, 6.519669172004797, 387, 1149710,                                             1000000, 0.9819912632460434, 3.926329722161133
2063, 41.06449384428561, 1, 3.325283493002644, 202, 1149912,                                             1000000, 0.9503014019810327, 3.4894244507102683
2064, 1.2666278733086074, 1, 6.116173727990827, 365, 1150277,                                             1000000, 0.97960334354884, 3.8397551163418653
2065, -67.77886299917009, 2, 5.334154146999936, 327, 1150604,                                             1000000, 0.9469790814119742, 3.8032673182655183
2066, -36.65138956159353, 2, 1.3074712980014738, 65, 1150669,                                             1000000, 0.9639781672220964, 4.408633288053366
2067, 34.77420551882824, 1, 3.1263722489966312, 184, 1150853,                                             1000000, 0.8482192364399848, 4.003759138286114
2068, -9.562552050309023, 2, 3.9135601880116155, 227, 1151080,                                             1000000, 1.016259844476431, 3.7367206496814274
2069, -48.78403209726093, 2, 1.710212849007803, 88, 1151168,                                             1000000, 0.9723972034725276, 3.960813524032181
2070, 26.465146634727716, 1, 3.3133784499950707, 185, 1151353,                                             1000000, 1.0417319246240564, 3.6175278520261918
2071, -22.25494649297616, 2, 1.530235502999858, 77, 1151430,                                             1000000, 1.0009877155353497, 3.6353718932572896
2072, -18.3009143024683, 2, 1.7081374499975936, 82, 1151512,                                             1000000, 1.0885441837514318, 3.894964103473396
2073, 42.4355688871583, 1, 3.322754597000312, 205, 1151717,                                             1000000, 0.9101811842220585, 3.385292464349328
2074, -234.1606271713972, 2, 4.715636945998995, 277, 1151994,                                             1000000, 0.8849794672069137, 3.456837110893821
2075, -43.475828655064106, 2, 1.3247774469928117, 76, 1152070,                                             1000000, 1.173255086729401, 4.130685008670154
2076, 4.157306410954334, 1, 3.910561108001275, 223, 1152293,                                             1000000, 0.9277607750464982, 3.5304086625308733
2077, -56.40349803556455, 1, 4.330742962003569, 268, 1152561,                                             1000000, 1.0147685693271125, 3.6403732911419513
2078, -63.89370068907738, 2, 1.907675640002708, 102, 1152663,                                             1000000, 1.0104381056392895, 3.6234534154920017
2079, -41.713275789428735, 2, 1.5069525060098385, 75, 1152738,                                             1000000, 0.8088058161735535, 3.792910471757253
2080, 27.945970705419313, 1, 3.125580380001338, 184, 1152922,                                             1000000, 0.9990937760018784, 3.576287395928217
2081, 4.60534875607118, 1, 5.116299583009095, 305, 1153227,                                             1000000, 0.980667424690528, 3.343237992290591
2082, -74.83745503425598, 2, 0.9027493569883518, 31, 1153258,                                             1000000, 1.0138515157084311, 3.4748720834332127
2083, 38.94885316863656, 1, 3.1090115800034255, 171, 1153429,                                             1000000, 0.9359218596714979, 3.409134427880683
2084, 17.283695755060762, 1, 5.52019522000046, 325, 1153754,                                             1000000, 0.99701376080513, 3.723234252012693
2085, 16.661617167119402, 1, 4.130084029995487, 255, 1154009,                                             1000000, 1.020570595474804, 3.4385827994814107
2086, -94.23724693059921, 3, 1.5085316380136646, 82, 1154091,                                             1000000, 1.032108460621136, 3.254330105534414
2087, 26.41652724146843, 1, 0.706256620993372, 30, 1154121,                                             1000000, 1.1480991899967194, 4.3246170302232105
2088, 19.056799088721164, 1, 4.313851269995212, 256, 1154377,                                             1000000, 0.877417323179543, 3.5275063302833587
2089, -121.32093164532853, 1, 4.317902358001447, 253, 1154630,                                             1000000, 1.0592930637329463, 3.6421799580805856
2090, 15.285006122125196, 1, 5.5201252219994785, 329, 1154959,                                             1000000, 0.9665643465011677, 3.4664361448816976
2091, -83.54962468147278, 2, 0.5133162929996615, 30, 1154989,                                             1000000, 1.3606438338756561, 3.4807562867800397
2092, 54.194694286212325, 1, 2.5093487050035037, 133, 1155122,                                             1000000, 0.9448076948187405, 3.8698528973679793
2093, 38.643882772594225, 1, 3.1136100529984105, 171, 1155293,                                             1000000, 0.8603911218587418, 3.09364912401863
2094, -62.93037624657154, 2, 1.9087098269956186, 98, 1155391,                                             1000000, 1.0042980012236808, 3.134057563786604
2095, 59.48920994903892, 1, 3.7313021820009453, 230, 1155621,                                             1000000, 0.9188823008018991, 3.3220797616502513
2096, -89.29429471492767, 2, 1.1072576040023705, 45, 1155666,                                             1000000, 1.0263404700491163, 3.211062557167477
2097, 33.82751791624469, 1, 2.9310538879944943, 176, 1155842,                                             1000000, 0.959430240263993, 3.6438888170841066
2098, -92.63003904791549, 2, 3.513870170994778, 202, 1156044,                                             1000000, 1.0196135467526937, 3.7143917598641747
2099, 33.75910779237165, 1, 2.9287802100006957, 175, 1156219,                                             1000000, 1.0635130167007447, 3.2533641932691846
2100, -32.794798098912, 2, 5.518807387998095, 321, 1156540,                                             1000000, 0.9458755003143322, 3.31886475795526
2101, 50.911955394782126, 1, 4.25417869699595, 243, 1156783,                                             1000000, 1.0200120760089575, 3.596288282807472
2102, 38.052261637965785, 1, 6.120228757994482, 359, 1157142,                                             1000000, 0.8815749781543498, 3.5202304698464597
2103, -84.1555712223053, 2, 0.7037787389999721, 30, 1157172,                                             1000000, 1.3265047073364258, 4.122089540958404
2104, -2.055012160912156, 1, 4.331538646001718, 267, 1157439,                                             1000000, 1.0657697064376503, 3.5819673938920884
2105, 12.265319058700697, 1, 5.72120703800465, 339, 1157778,                                             1000000, 1.0302066328251256, 3.413880506008424
2106, -84.50437521934509, 2, 0.7077348359889584, 30, 1157808,                                             1000000, 0.8063457806905111, 2.7963509182135264
2107, 39.14756905985996, 1, 4.315567060999456, 247, 1158055,                                             1000000, 1.0254063758290248, 3.413042389670847
2108, 19.167141832818743, 1, 5.129909865005175, 318, 1158373,                                             1000000, 0.9942777736007042, 3.3592155856906243
2109, -82.78414486348629, 2, 2.306107395008439, 127, 1158500,                                             1000000, 1.1099914152791182, 3.618942960744768
2110, 58.793113644234836, 1, 2.9227143390016863, 180, 1158680,                                             1000000, 0.9039657904042138, 3.2587324995961455
2111, -92.79633629618911, 2, 3.858786595010315, 221, 1158901,                                             1000000, 1.0674216708176816, 3.070848250820626
2112, 40.5402733880328, 1, 2.3245212900073966, 135, 1159036,                                             1000000, 1.0134180660601015, 3.1601462599303987
2113, -38.72350996732712, 2, 0.9021652480005287, 33, 1159069,                                             1000000, 0.8383544204813062, 3.685751342412197
2114, 25.35027728242494, 1, 4.518269446998602, 267, 1159336,                                             1000000, 1.0243511122933935, 3.3302758026882056
2115, 16.791584183461964, 1, 5.519373871997232, 327, 1159663,                                             1000000, 0.951656776101582, 3.14763318717662
2116, -22.75452020461671, 2, 2.511352966001141, 138, 1159801,                                             1000000, 0.9064102444959723, 3.1421486616566563
2117, 33.78622923331568, 1, 2.7133904270012863, 144, 1159945,                                             1000000, 0.9691493304239379, 3.1628056994328895
2118, -68.99039696255932, 2, 4.114430828005425, 238, 1160183,                                             1000000, 1.017918518611363, 3.6210721332986817
2119, -39.67877869307995, 2, 1.507854950003093, 69, 1160252,                                             1000000, 0.9029714313970096, 3.0796734042789624
2120, 86.49675010843202, 1, 5.132370033999905, 315, 1160567,                                             1000000, 0.9928146842926268, 3.1378136599820756
2121, 36.1858988477652, 1, 6.25069573300425, 376, 1160943,                                             1000000, 0.9462312816622409, 3.1444948261722607
2122, -83.33636887697503, 2, 3.3138797569990857, 184, 1161127,                                             1000000, 0.9195613148419753, 3.1623371773115965
2123, -16.926349503031815, 2, 1.9110500859969761, 100, 1161227,                                             1000000, 1.1172242718935013, 3.1905088275671005
2124, 33.14405211387202, 1, 3.1126294849964324, 171, 1161398,                                             1000000, 0.9527240709254616, 3.244226206115812
2125, -69.05521100954502, 2, 2.9310338289942592, 176, 1161574,                                             1000000, 0.9308277913792566, 3.176531836221164
2126, 17.15063508413732, 1, 4.716906542002107, 279, 1161853,                                             1000000, 0.9750117513227634, 3.192186525859286
2127, -36.4631134881638, 2, 6.52424926700769, 388, 1162241,                                             1000000, 0.9174536096373784, 3.217677886184958
2128, 26.37382252048701, 1, 3.7157000149891246, 217, 1162458,                                             1000000, 0.9738778344222477, 2.802114235640671
2129, -70.85517492497456, 2, 4.921121539999149, 289, 1162747,                                             1000000, 0.9185667439109314, 2.7859742491921753
2130, 59.84441822394729, 1, 3.9136222939996514, 222, 1162969,                                             1000000, 0.94330689324452, 3.138478149299149
2131, -45.41018861532211, 2, 0.6403648970008362, 39, 1163008,                                             1000000, 0.8903505274882684, 3.0923940462943835
2132, 6.532555460929871, 2, 1.9067841259966372, 95, 1163103,                                             1000000, 1.0158646429839888, 2.896750889953814
2133, 57.4122300427407, 1, 3.931275128998095, 232, 1163335,                                             1000000, 0.9504451385602869, 2.956638050875787
2134, -40.101495534181595, 2, 0.9037515079980949, 39, 1163374,                                             1000000, 1.0757415829560695, 2.9066166006601772
2135, -77.39086243376369, 2, 2.3087990839994745, 119, 1163493,                                             1000000, 1.1189916226543297, 3.2370880353851477
2136, 30.4471726755728, 1, 3.730466534005245, 222, 1163715,                                             1000000, 0.9651187230069358, 2.9553862975255862
2137, -46.091335365432315, 2, 8.120933603990125, 490, 1164205,                                             1000000, 1.016587009052841, 2.910531613048242
2138, -61.39201083779335, 2, 1.9079263239982538, 100, 1164305,                                             1000000, 0.8964905554056167, 3.2656643545627593
2139, 59.58263716544025, 1, 4.529643952992046, 269, 1164574,                                             1000000, 0.9951325919769953, 2.9475917024018594
2140, 29.46687850364833, 1, 5.3176998929993715, 313, 1164887,                                             1000000, 0.9929601201615014, 3.229618825661108
2141, -72.24068436026573, 2, 1.0198163479944924, 52, 1164939,                                             1000000, 0.9821937514039186, 3.1534625240243397
2142, -65.52925075904932, 2, 2.309705015999498, 120, 1165059,                                             1000000, 0.923887416968743, 3.087684897085031
2143, 65.41548453830183, 1, 4.916689408986713, 289, 1165348,                                             1000000, 1.0492099394641532, 2.750299765989442
2144, -79.66631412506104, 2, 0.7069833060086239, 30, 1165378,                                             1000000, 0.8984812021255493, 2.883083927631378
2145, -81.99543163180351, 2, 1.9094757679995382, 101, 1165479,                                             1000000, 0.9158364557983851, 2.8727303356817453
2146, 42.77486918037539, 1, 3.728803161997348, 232, 1165711,                                             1000000, 0.9737396543395931, 3.142384972423315
2147, -87.67728871107101, 2, 0.7031364449940156, 30, 1165741,                                             1000000, 1.1095485607783, 2.771262925863266
2148, 52.86237861216068, 1, 1.908968792995438, 100, 1165841,                                             1000000, 1.0283003866672515, 2.640346412062645
2149, -81.89213871955872, 2, 1.7062201350054238, 93, 1165934,                                             1000000, 0.9044486742506745, 2.7710304894754962
2150, 55.292188873980194, 1, 2.928438457995071, 173, 1166107,                                             1000000, 0.9801899673621779, 2.838262784084833
2151, -69.844227958587, 2, 3.7905726300086826, 221, 1166328,                                             1000000, 1.0403199558614067, 2.7502825656627636
2152, 14.679974764585495, 2, 4.717824453007779, 276, 1166604,                                             1000000, 0.9613551633513492, 2.9643975758682126
2153, 28.857076406478882, 1, 0.7067161680024583, 30, 1166634,                                             1000000, 0.9599378009637197, 2.585079667965571
2154, -52.26662766933441, 2, 1.3070285889989464, 57, 1166691,                                             1000000, 0.899498707892602, 3.224647240157713
2155, 30.745996444951743, 2, 5.31874240799516, 307, 1166998,                                             1000000, 0.9847928542850072, 2.6875098122447634
2156, 24.016748279333115, 1, 0.5216132099885726, 30, 1167028,                                             1000000, 0.8428005357583364, 2.8744835376739504
2157, -248.7886502146721, 2, 3.5152666950016282, 195, 1167223,                                             1000000, 1.0314989656974107, 2.9791768676195387
2158, 60.36075035855174, 1, 2.9116203269950347, 159, 1167382,                                             1000000, 1.0000462603269133, 2.7375084454158567
2159, -41.52424428816266, 1, 6.524534418000258, 393, 1167775,                                             1000000, 0.9917708331240346, 2.837391518682014
2160, -83.22110998630524, 2, 1.324548443997628, 68, 1167843,                                             1000000, 1.0222921485410017, 2.6975872819038
2161, -81.3509960025549, 2, 1.9680074709904147, 108, 1167951,                                             1000000, 0.9995910558435652, 2.904044274378706
2162, 38.82362275466221, 1, 3.929912206993322, 233, 1168184,                                             1000000, 0.9559037121324581, 2.8369779226733893
2163, 23.060608063824475, 1, 5.112558915003319, 306, 1168490,                                             1000000, 0.969761761867143, 2.500092973603922
2164, -42.60060853511095, 2, 1.1072802540002158, 44, 1168534,                                             1000000, 1.1471657725897701, 2.6269744675267828
2165, 46.95914661663119, 1, 4.1307386359985685, 250, 1168784,                                             1000000, 0.926067316532135, 2.769584578037262
2166, -39.73013633536175, 2, 2.3066489430057118, 126, 1168910,                                             1000000, 1.1189312180356374, 3.011499547769153
2167, 54.33277481794357, 1, 1.7242671709973365, 95, 1169005,                                             1000000, 1.0935921590579183, 3.4740003177994176
2168, 24.653699683884042, 1, 3.9137506520055467, 230, 1169235,                                             1000000, 1.0681693477475125, 2.5457263384176336
2169, 42.27741579635767, 1, 5.3358337030076655, 328, 1169563,                                             1000000, 1.0850441421313983, 2.5334735320108694
2170, -193.41581988177495, 1, 8.326713689995813, 499, 1170062,                                             1000000, 0.925539438316005, 2.6664374408597697
2171, 33.6453324505128, 1, 3.7686147110071033, 226, 1170288,                                             1000000, 0.9538644648494974, 2.5191672398189526
2172, -45.60582917928696, 3, 1.3078157929994632, 61, 1170349,                                             1000000, 1.0855479049878043, 3.253795555380524
2173, 55.734901529503986, 1, 3.3279150319867767, 197, 1170546,                                             1000000, 1.0828075829496238, 2.299749525519192
2174, -46.79617625140236, 2, 3.912030274004792, 227, 1170773,                                             1000000, 0.9760192455436689, 2.4777651160036416
2175, 58.37745635084866, 1, 4.514427614994929, 262, 1171035,                                             1000000, 0.9687181526922998, 2.4130263578800757
2176, -44.809115590527654, 2, 1.7100207339972258, 88, 1171123,                                             1000000, 1.0027758038856767, 2.00088579478589
2177, 49.55818422930315, 1, 3.316154803003883, 193, 1171316,                                             1000000, 0.9936305321560005, 2.791036746199267
2178, -71.07963675260544, 2, 2.1070537800114835, 113, 1171429,                                             1000000, 0.8845720354434663, 2.492082056218544
2179, 52.27974822651595, 1, 4.529365089998464, 280, 1171709,                                             1000000, 0.9840532622167042, 2.421466977042811
2180, -15.364193521032576, 2, 4.518031097002677, 265, 1171974,                                             1000000, 0.9538595986816119, 2.702851201115914
2181, 27.71378952357918, 1, 3.1570929740119027, 181, 1172155,                                             1000000, 0.9422481107777654, 2.472449918642887
2182, 22.837317722849548, 1, 5.3178876750025665, 313, 1172468,                                             1000000, 0.9812494248818284, 2.5556589983903564
2183, -128.6374588496983, 2, 3.11362224300683, 179, 1172647,                                             1000000, 0.9613070259880088, 2.4838537864345414
2184, 5.793411542545073, 1, 3.929163093009265, 233, 1172880,                                             1000000, 1.0405012344853561, 2.2232290273572244
2185, -80.40110564231873, 2, 0.7053911559924018, 30, 1172910,                                             1000000, 1.173104061683019, 2.7839696168899537
2186, 66.43804104626179, 1, 1.924400236006477, 118, 1173028,                                             1000000, 1.0377670415377214, 2.824932636093285
2187, -219.30313158035278, 2, 4.112816366003244, 240, 1173268,                                             1000000, 0.981107106929024, 2.6627275319149097
2188, -55.08466478995979, 1, 4.312222777007264, 253, 1173521,                                             1000000, 0.9929672678704319, 2.446068820746049
2189, 49.24411049159244, 1, 3.5103561029973207, 202, 1173723,                                             1000000, 0.9997492527017499, 2.464455364511745
2190, -50.85514688491821, 2, 1.306369675003225, 56, 1173779,                                             1000000, 1.2032923480229718, 2.7803860338670865
2191, -19.890957557421643, 2, 1.9350064220052445, 102, 1173881,                                             1000000, 1.008928311806099, 3.059965446007018
2192, 38.55775309796445, 1, 3.714357379998546, 207, 1174088,                                             1000000, 1.0009558268503291, 2.4174136070237644
2193, 23.90884010953596, 1, 6.942451126000378, 432, 1174520,                                             1000000, 1.0613012997502531, 2.4853522960372545
2194, -83.19278365373611, 2, 1.3049199810047867, 64, 1174584,                                             1000000, 1.006462932098657, 2.3863519337028265
2195, 62.25580960919615, 1, 2.9232251170033123, 169, 1174753,                                             1000000, 1.0186865539593104, 2.2742533244677547
2196, -51.98741905737552, 2, 3.7157417880080175, 209, 1174962,                                             1000000, 1.0020065820958626, 2.6140708435665476
2197, 51.67986317386385, 1, 4.920025943007204, 282, 1175244,                                             1000000, 1.116364797801836, 2.4839132786431213
2198, -14.477534109377302, 2, 5.94024840099155, 357, 1175601,                                             1000000, 1.045472868851253, 2.3802438799072716
2199, 23.303800029680133, 1, 3.5088185710046673, 207, 1175808,                                             1000000, 0.921176849068075, 2.520007738168689
2200, 7.273009759257548, 2, 5.9288479249953525, 357, 1176165,                                             1000000, 0.9633759523974079, 2.2036612234195743
2201, -39.4986471850425, 2, 1.4424762060079956, 71, 1176236,                                             1000000, 0.862901186859104, 1.9719422581330153
2202, -69.18769504129887, 2, 1.7075214949873043, 88, 1176324,                                             1000000, 0.9806256571953947, 1.9369597441770814
2203, 21.941325940279057, 1, 3.1286677989992313, 188, 1176512,                                             1000000, 1.0961301623189703, 2.3301642914401723
2204, -69.27092360937968, 2, 6.523702359001618, 390, 1176902,                                             1000000, 0.9862265576154757, 2.194745100996433
2205, -54.61696069315076, 2, 1.7090780529979384, 82, 1176984,                                             1000000, 1.0904442697036556, 2.6661743668884768
2206, 19.848894537775777, 2, 4.329736750005395, 263, 1177247,                                             1000000, 0.9530839505304401, 2.28978503702258
2207, -166.34645321965218, 1, 3.9164281459961785, 229, 1177476,                                             1000000, 0.9970541733060861, 2.2232833447414713
2208, 17.799080193392, 1, 5.323558340998716, 309, 1177785,                                             1000000, 0.9919060322073285, 2.250489616664096
2209, -42.80487021803856, 2, 1.5063519469986204, 69, 1177854,                                             1000000, 0.9367039523262909, 2.004760419113049
2210, 57.19676097645424, 1, 2.9277582760114456, 173, 1178027,                                             1000000, 1.05057483394711, 2.4104232424600966
2211, -61.43333090296073, 2, 3.895615914996597, 228, 1178255,                                             1000000, 1.1562077724619915, 2.179238103852983
2212, 1.219082623720169, 2, 1.3241091959935147, 70, 1178325,                                             1000000, 0.9094364430223193, 2.312462500163487
2213, 13.831529932795092, 1, 3.7112027739931364, 215, 1178540,                                             1000000, 0.9220276175543319, 2.068500890288242
2214, 45.49276521561114, 1, 6.124180757004069, 369, 1178909,                                             1000000, 1.0142754221027137, 2.2128910401326207
2215, 10.847489005536772, 1, 5.138155007007299, 314, 1179223,                                             1000000, 0.9715518884977717, 2.0386513789558105
2216, -26.94559058593586, 2, 1.1033230160101084, 52, 1179275,                                             1000000, 1.095676595201859, 2.5333422496914864
2217, -57.91400965768844, 2, 1.9098332529974869, 100, 1179375,                                             1000000, 1.000792630314827, 2.3192385149002077
2218, 20.783045344229322, 2, 4.5130920380033785, 262, 1179637,                                             1000000, 0.9556040016521934, 2.463183162321571
2219, 30.27453765273094, 1, 0.9042229289916577, 39, 1179676,                                             1000000, 1.014124951301477, 2.0439494129938955
2220, 34.01839831424877, 1, 4.91699958499521, 287, 1179963,                                             1000000, 0.9931303211828557, 2.305663523098733
2221, 14.36927416305116, 1, 4.5082620960019995, 275, 1180238,                                             1000000, 1.0005941686846993, 2.265231072577563
2222, -84.96340628131293, 1, 7.723105601005955, 461, 1180699,                                             1000000, 1.0382165987682963, 2.434816150111904
2223, 5.046115586068481, 2, 5.33861220900144, 328, 1181027,                                             1000000, 1.0235041263626843, 1.9105764366686344
2224, 24.425723321270198, 1, 3.508296218002215, 202, 1181229,                                             1000000, 1.0306375917821828, 2.078511022842757
2225, -85.04039451247081, 1, 6.120153466996271, 369, 1181598,                                             1000000, 1.0093429339771995, 2.1606659212409642
2226, -118.68518516322365, 1, 5.73309020200395, 352, 1181950,                                             1000000, 0.978216439739547, 2.186833576510914
2227, -108.05354623543099, 2, 7.123042509992956, 429, 1182379,                                             1000000, 1.0184756289551031, 2.316665562646928
2228, 46.620185180334374, 1, 4.114180699005374, 241, 1182620,                                             1000000, 0.9980898147054728, 2.2611495127816417
2229, -66.28098359704018, 2, 1.320933174007223, 70, 1182690,                                             1000000, 0.946880008493151, 2.3313614104475295
2230, 11.982546686660498, 1, 1.3039998530002777, 58, 1182748,                                             1000000, 0.8617456288173281, 2.240688241761306
2231, -21.785497394856066, 2, 1.490477721003117, 90, 1182838,                                             1000000, 1.0232123176256815, 2.535513796740108
2232, -60.6558812558651, 2, 1.506378088000929, 74, 1182912,                                             1000000, 1.0910278526512351, 2.579218682002377
2233, 62.958450715988874, 1, 4.31779492199712, 249, 1183161,                                             1000000, 1.07719617196355, 2.2883580415004707
2234, 20.83697318629129, 1, 6.137830068997573, 380, 1183541,                                             1000000, 0.9983700288753761, 2.189103168719693
2235, -220.03178238868713, 3, 2.5071204820123967, 133, 1183674,                                             1000000, 1.0894172693553723, 2.2454485032791482
2236, 48.8138508987613, 1, 3.310958109010244, 188, 1183862,                                             1000000, 1.0227690392986257, 1.5855714201610138
2237, 16.628326982608996, 1, 5.322792619990651, 310, 1184172,                                             1000000, 0.9956733255617081, 2.051229144392475
2238, -85.09161758422852, 2, 0.7042691789974924, 30, 1184202,                                             1000000, 0.9734834492206573, 1.7700704514980317
2239, 27.584277596324682, 1, 2.7255949920072453, 165, 1184367,                                             1000000, 0.8749945391308177, 2.0816714241649166
2240, 43.35732834751252, 1, 6.518548411986558, 394, 1184761,                                             1000000, 0.9810842867883934, 2.125769846859922
2241, -54.8618201315403, 2, 1.0681372960098088, 65, 1184826,                                             1000000, 0.9478161683449379, 1.6354570196225093
2242, 68.74503981508315, 1, 4.714440941999783, 277, 1185103,                                             1000000, 1.111729361627937, 2.3804065844427376
2243, -151.85884594845993, 1, 7.127299047002452, 427, 1185530,                                             1000000, 0.9325971137863133, 1.9734779405789298
2244, 4.546690598595887, 1, 6.321977294006501, 373, 1185903,                                             1000000, 0.9510147760924321, 2.2183677240926523
2245, -72.09442700207, 2, 4.730993147997651, 293, 1186196,                                             1000000, 1.011073722672544, 2.1997922473800062
2246, 13.909713271714281, 1, 3.915998430005857, 221, 1186417,                                             1000000, 0.9647488766665911, 1.9283019835592934
2247, 11.619338214281015, 1, 7.143677916013985, 444, 1186861,                                             1000000, 1.0558416796428662, 2.261118618049869
2248, -92.11400079727173, 2, 0.7047726000018883, 30, 1186891,                                             1000000, 1.0614725609620412, 1.7707319051027297
2249, 36.966829956974834, 1, 2.9266743329935707, 171, 1187062,                                             1000000, 1.0506607288854164, 2.001708382577227
2250, 38.191692555788904, 1, 6.721618880997994, 403, 1187465,                                             1000000, 1.0311756099276153, 2.2137630941258473
2251, -37.984098955988884, 5, 2.2321279799944023, 124, 1187589,                                             1000000, 0.8291879027120529, 1.6430367361153326
2252, -68.10310320556164, 2, 1.9105088659998728, 94, 1187683,                                             1000000, 1.1214194931882493, 2.408015474042994
2253, 10.082077058032155, 2, 4.517172886990011, 263, 1187946,                                             1000000, 1.0431018350468841, 2.2557743800230354
2254, -3.6048249006271362, 2, 1.9100208860036219, 94, 1188040,                                             1000000, 1.165606087192576, 2.1758369857326465
2255, -107.1132593418588, 1, 5.332792135988711, 323, 1188363,                                             1000000, 1.005753599545535, 1.8372851755504638
2256, -48.20637258887291, 2, 1.7081021379999584, 83, 1188446,                                             1000000, 1.1972853807081658, 1.8988644846950669
2257, -55.645782310835784, 2, 1.7212254029873293, 100, 1188546,                                             1000000, 1.0184672266244887, 2.211866750717163
2258, -3.486355298315175, 2, 5.115152308004326, 297, 1188843,                                             1000000, 0.9433152792028305, 2.121069708958218
2259, -6.487335190176964, 1, 3.715727678994881, 210, 1189053,                                             1000000, 1.0624365971201941, 2.145196711733228
2260, 50.851758384145796, 1, 4.313067137001781, 244, 1189297,                                             1000000, 1.0631185435369366, 1.8386962680054493
2261, -55.206667095422745, 2, 1.6137091470009182, 77, 1189374,                                             1000000, 1.0580454379707187, 2.2515747914840647
2262, 0.7010682374238968, 2, 1.7090792929957388, 88, 1189462,                                             1000000, 1.0774214359169656, 2.1507473838600246
2263, 35.569066673342604, 1, 3.512220321004861, 201, 1189663,                                             1000000, 0.9779462542996478, 1.707312224516228
2264, 19.292571334866807, 1, 7.724849910999183, 462, 1190125,                                             1000000, 1.0654308816571256, 1.9828046604152365
2265, -52.70516212284565, 2, 1.1065928759926464, 44, 1190169,                                             1000000, 0.9998392909765244, 1.2035394331270999
2266, 55.772536513293744, 1, 4.328872529004002, 265, 1190434,                                             1000000, 0.9777822303322127, 2.0444552861294656
2267, -9.429797424236313, 1, 5.318190703997971, 313, 1190747,                                             1000000, 1.0000200816236746, 1.768623044886909
2268, -80.08079767227173, 2, 0.7051109870080836, 30, 1190777,                                             1000000, 0.9460179001092911, 1.9624088873465857
2269, 66.20280551421456, 1, 4.535250795001048, 271, 1191048,                                             1000000, 0.9885386647553461, 1.9430250714625819
2270, -49.79112212616019, 2, 4.913341624996974, 290, 1191338,                                             1000000, 1.0551688215855894, 1.554028661189408
2271, 19.62078121956438, 2, 5.6150082490057684, 328, 1191666,                                             1000000, 1.092765147002732, 1.977697759684993
2272, -8.725895524024963, 2, 1.7070739439950557, 82, 1191748,                                             1000000, 0.9217907084924418, 1.8589994943723447
2273, 6.471108119701967, 2, 4.718243938987143, 270, 1192018,                                             1000000, 1.1475754023702056, 1.9911219203913653
2274, 34.30660843849182, 1, 1.1059173050016398, 47, 1192065,                                             1000000, 1.1298894172019147, 1.963663288887511
2275, -84.160202100873, 2, 1.5091041650011903, 68, 1192133,                                             1000000, 0.9611595417646801, 1.8285464346408844
2276, -77.13331736624241, 2, 1.7211814840120496, 100, 1192233,                                             1000000, 0.983812991976738, 2.115089448094368
2277, -62.77705729007721, 2, 1.9087053690018365, 96, 1192329,                                             1000000, 0.9725051522254944, 2.0761871986712017
2278, -58.76765175163746, 2, 1.9202174639940495, 113, 1192442,                                             1000000, 1.0565449442483683, 2.0320390162214768
2279, -103.07486678950954, 1, 6.9164791840012185, 410, 1192852,                                             1000000, 0.9751815789356464, 1.7837599837925375
2280, -60.97068662411766, 2, 5.135064612986753, 315, 1193167,                                             1000000, 0.9610404412897806, 2.152248291032655
2281, -33.35110760809039, 1, 6.79061434698815, 409, 1193576,                                             1000000, 0.9853282605814759, 1.9238156047820463
2282, -68.84591233577521, 2, 5.534526909003034, 336, 1193912,                                             1000000, 1.0673809032000245, 2.031296549985806
2283, -73.32755031605484, 2, 3.312711822989513, 192, 1194104,                                             1000000, 1.1193431341089308, 2.194391496867562
2284, -33.23758301511407, 2, 1.5070192650018726, 75, 1194179,                                             1000000, 1.029595248301824, 1.9451991959412893
2285, 27.94893003173638, 2, 4.5307165109989, 276, 1194455,                                             1000000, 1.023966669064501, 1.9862609215188718
2286, -160.2379237753339, 1, 4.115588939996087, 244, 1194699,                                             1000000, 1.0443847131777981, 1.92013939152487
2287, -1.1101735474076122, 2, 3.7130087909899885, 207, 1194906,                                             1000000, 0.9701791241549064, 1.7164726077358503
2288, -50.31625678896671, 2, 2.1089725899946643, 118, 1195024,                                             1000000, 1.2277281435869507, 2.239209616840896
2289, 51.620973385171965, 1, 4.31690335800522, 248, 1195272,                                             1000000, 1.0847600262251593, 2.1561023957065997
2290, 17.402108776499517, 1, 4.732909535989165, 286, 1195558,                                             1000000, 1.0124916305075158, 2.1741162558327187
2291, -23.798257267975714, 2, 1.1569108039984712, 51, 1195609,                                             1000000, 0.9008557691293604, 1.36157820037767
2292, 41.72070624202024, 1, 4.1163405109982705, 233, 1195842,                                             1000000, 1.0469518575033916, 2.079501900294308
2293, 38.557378834659175, 1, 5.534643284001504, 333, 1196175,                                             1000000, 1.0003818837372032, 1.4653835023666646
2294, -43.87713223695755, 2, 1.506089610993513, 70, 1196245,                                             1000000, 1.0064467140606472, 1.7018825375608035
2295, 35.73241804097779, 1, 4.316497309002443, 253, 1196498,                                             1000000, 0.9807229525015759, 1.869923504680513
2296, -53.734402514615795, 2, 5.921276768000098, 345, 1196843,                                             1000000, 0.9983810131100641, 1.8059144936609959
2297, 43.03595921653323, 1, 4.1300859290058725, 254, 1197097,                                             1000000, 0.9325763027029713, 1.5786703238337059
2298, 2.9229072868984076, 1, 5.523273675993551, 321, 1197418,                                             1000000, 1.039079265152554, 1.8651282461447136
2299, -77.42636823654175, 3, 0.7074048640060937, 30, 1197448,                                             1000000, 0.8188241680463155, 1.298153136173884
2300, -52.0698168376839, 2, 4.517145652993349, 264, 1197712,                                             1000000, 1.0880239756044112, 2.0220626090286355
2301, -24.78694796562195, 2, 1.6845092590083368, 89, 1197801,                                             1000000, 0.9787365914730544, 1.5346374397867182
2302, 33.64901950326748, 1, 3.7139871479885187, 210, 1198011,                                             1000000, 1.0480179942789531, 1.7241993837413334
2303, -44.96380982513074, 2, 3.913728389001335, 220, 1198231,                                             1000000, 0.9581236958503723, 1.4890054779973898
2304, -40.684145390987396, 1, 4.114710360008758, 235, 1198466,                                             1000000, 1.0056040897014293, 1.6644753373683767
2305, 39.957288259640336, 1, 4.913944833999267, 293, 1198759,                                             1000000, 1.0009715104469261, 1.5610184477254392
2306, -83.73057222366333, 3, 0.7065891890088096, 30, 1198789,                                             1000000, 0.993388177951177, 1.1405034869909287
2307, -28.09761290671304, 1, 3.511524615008966, 195, 1198984,                                             1000000, 1.0677147739972823, 2.230676741936268
2308, -58.236661955714226, 2, 1.5209142879903084, 87, 1199071,                                             1000000, 1.0620688069825885, 1.8060939755590482
2309, -42.18232828962209, 2, 1.90808324200043, 102, 1199173,                                             1000000, 1.0366871543959075, 1.6300798306862514
2310, -58.681805074214935, 2, 1.7082268349913647, 88, 1199261,                                             1000000, 0.9987628300758925, 1.8266473085704176
2311, -57.985777109861374, 2, 1.5365878809971036, 83, 1199344,                                             1000000, 1.0479553643479405, 1.3806898529271046
2312, 41.39570727292448, 1, 3.9129518999980064, 231, 1199575,                                             1000000, 0.99119212771907, 1.5295845514639115
2313, -41.931609498311445, 2, 1.9083123930031434, 100, 1199675,                                             1000000, 0.9906642150878906, 1.2018865922093391
2314, 44.982210889458656, 1, 1.9098131450009532, 99, 1199774,                                             1000000, 0.9991504598145533, 1.3895768490102556
2315, -75.77309472823981, 2, 3.725995546003105, 220, 1199994,                                             1000000, 1.0436611862345175, 1.7830892678011547
2316, -63.25134854018688, 2, 1.507313731010072, 77, 1200071,                                             1000000, 1.153126830404455, 1.9378695944686988
2317, 44.555190451443195, 1, 3.515123338002013, 197, 1200268,                                             1000000, 1.0136153661660132, 1.9286514697643706
2318, -42.22621833755693, 2, 5.119378018003772, 301, 1200569,                                             1000000, 1.0219286942600807, 1.896315773163127
2319, -63.936801105737686, 2, 1.3210258269973565, 75, 1200644,                                             1000000, 1.056689112186432, 1.8425345142682394
2320, 36.40421467041597, 1, 4.316252752993023, 254, 1200898,                                             1000000, 1.0000883792563686, 2.0032257014137556
2321, -82.7743513584137, 3, 0.7198881760123186, 30, 1200928,                                             1000000, 1.2208803792794545, 1.8591502110163372
2322, 48.50376144750044, 1, 5.317310999002075, 312, 1201240,                                             1000000, 1.0480589810281227, 1.8742320803113472
2323, -32.99735059592058, 2, 3.9109869219973916, 219, 1201459,                                             1000000, 1.061985782564503, 2.0062804242519485
2324, 28.904096353289788, 2, 4.51811926899245, 264, 1201723,                                             1000000, 0.9323408621730227, 1.8402212578238863
2325, 26.623794376850128, 1, 0.7054885610123165, 30, 1201753,                                             1000000, 0.8891705324252447, 1.500708657503128
2326, 33.12421899079345, 1, 5.3383381470048334, 322, 1202075,                                             1000000, 1.0258325348544566, 1.9320403765077176
2327, 20.594879791489802, 1, 4.316601825994439, 247, 1202322,                                             1000000, 0.9724934846766082, 1.6109097488978614
2328, 7.184649711824022, 1, 4.515566570989904, 268, 1202590,                                             1000000, 0.9898018344347157, 1.497237251543287
2329, 11.604630858288147, 1, 8.740750787997968, 532, 1203122,                                             1000000, 1.1156098630307312, 1.6639267127764852
2330, -71.87860536575317, 3, 0.7067577889974928, 30, 1203152,                                             1000000, 1.0883395930131277, 2.525780055920283
2331, 25.778752424754202, 1, 2.902916467995965, 166, 1203318,                                             1000000, 0.9366182550249329, 1.5450535858251961
2332, -23.36440781271085, 2, 1.7100980340037495, 82, 1203400,                                             1000000, 1.0343440665704449, 2.0685616651686227
2333, 27.616095468751155, 1, 2.728036175001762, 161, 1203561,                                             1000000, 1.0765404025590197, 1.8385732805136568
2334, -105.38551477302099, 2, 2.9107431739976164, 159, 1203720,                                             1000000, 1.0695216550767046, 1.732917233270669
2335, 33.077602862846106, 2, 7.141104038004414, 439, 1204159,                                             1000000, 1.0301371923475982, 1.7523710973442008
2336, -65.19639673829079, 2, 1.5081959029921563, 78, 1204237,                                             1000000, 0.9851024785102942, 1.5615033927636268
2337, 30.497233537957072, 1, 2.725171213998692, 160, 1204397,                                             1000000, 1.1424590760841966, 1.9006124868988992
2338, -63.85905451601138, 2, 6.520810435991734, 384, 1204781,                                             1000000, 1.010218939666326, 1.859578929686298
2339, 30.47737807710655, 1, 3.513723525000387, 203, 1204984,                                             1000000, 1.0185901703212061, 1.897446510239775
2340, 32.113101954062586, 1, 6.12133745700703, 357, 1205341,                                             1000000, 1.0349813186320937, 1.649241786877982
2341, -43.79119992913911, 1, 5.08329708299425, 297, 1205638,                                             1000000, 1.0456116926991177, 1.7575953874724481
2342, -57.042803198099136, 2, 0.705762830999447, 30, 1205668,                                             1000000, 1.1034989813963572, 0.6505642016728719
2343, 44.180683836340904, 1, 1.7068792589998338, 82, 1205750,                                             1000000, 1.0241851650360154, 1.6019646321854941
2344, 30.5127792233543, 1, 5.119463534996612, 303, 1206053,                                             1000000, 1.1632493861240916, 1.7552852784052935
2345, 13.865524635999463, 1, 6.519344126994838, 385, 1206438,                                             1000000, 1.0782881595871665, 1.549745073179146
2346, -27.54339316673577, 2, 0.9057902120111976, 38, 1206476,                                             1000000, 1.1127163140397323, 1.1446746979889117
2347, 36.8456358872354, 1, 3.715359707988682, 216, 1206692,                                             1000000, 1.007581637689361, 1.4082612745739795
2348, 19.412456159829162, 1, 6.1164101580070565, 359, 1207051,                                             1000000, 1.1034737759811966, 1.5509736564498093
2349, 61.93324623629451, 1, 4.332362114000716, 256, 1207307,                                             1000000, 1.0606235613813624, 1.8194509240565822
2350, -75.30430221557617, 2, 0.7038952040020376, 30, 1207337,                                             1000000, 1.1005171457926433, 2.351215680440267
2351, 19.837796518579125, 1, 3.2837571100099012, 198, 1207535,                                             1000000, 1.002825732032458, 1.5326654253282932
2352, -107.21898572240025, 2, 3.112045729998499, 173, 1207708,                                             1000000, 1.002385009919977, 1.137356442867676
2353, 35.679833829402924, 1, 1.1066178360051708, 46, 1207754,                                             1000000, 1.2477349794429282, 1.6477730844331824
2354, -72.72165635228157, 2, 1.5083146389952162, 76, 1207830,                                             1000000, 1.195147780603484, 1.089571995170493
2355, 25.26031174894888, 1, 2.7259405960066942, 157, 1207987,                                             1000000, 1.02670741859515, 1.675266096356568
2356, -61.27013949863613, 2, 8.524496578000253, 515, 1208502,                                             1000000, 1.06964564786374, 1.5140248407437964
2357, 61.193057522177696, 1, 2.3098738609987777, 131, 1208633,                                             1000000, 1.0275179448018548, 1.5014479285433093
2358, -57.50401340669487, 2, 3.513354287002585, 201, 1208834,                                             1000000, 1.095593720822785, 1.408012465902822
2359, 6.715776484677917, 2, 4.315691192998202, 251, 1209085,                                             1000000, 1.1120569058860916, 1.5317254275439744
2360, 81.9225745289441, 1, 19.362688967987197, 1194, 1210279,                                             1000000, 1.0671197281061504, 1.752765213100355
2361, -75.68460178375244, 2, 0.6615429049998056, 30, 1210309,                                             1000000, 0.8862407386302948, 1.157301922639211
2362, 12.965328485879581, 1, 0.9021760640025605, 43, 1210352,                                             1000000, 1.0865847953530245, 1.800703507523204
2363, -46.19625450670719, 2, 0.9082503079989692, 39, 1210391,                                             1000000, 0.8760869548870966, 2.3167223242612986
2364, -76.73641854897141, 2, 2.1278020739991916, 118, 1210509,                                             1000000, 1.0220041608406325, 1.4395068846011565
2365, -96.60909354686737, 2, 2.311695188007434, 121, 1210630,                                             1000000, 1.028175475922498, 1.88642544835067
2366, 32.10487844463205, 1, 5.334653988989885, 330, 1210960,                                             1000000, 1.090482939012123, 1.8017835142937573
2367, -9.65377141686622, 1, 4.914157425009762, 295, 1211255,                                             1000000, 1.043122058500678, 1.7456463406651708
2368, 14.282678230665624, 1, 6.718362327999785, 398, 1211653,                                             1000000, 1.035672443595963, 1.6766353994233525
2369, -79.12868472317496, 1, 4.717797624995001, 275, 1211928,                                             1000000, 1.0404663692821157, 1.670063959793611
2370, -83.64445281028748, 2, 0.7044983570085606, 30, 1211958,                                             1000000, 1.128506644566854, 2.2680433372656505
2371, 31.047800288069993, 2, 4.834661528002471, 290, 1212248,                                             1000000, 1.0693713790383832, 1.8560295512450153
2372, 37.06412410736084, 1, 1.10707020299742, 52, 1212300,                                             1000000, 0.9890319773784051, 1.7041331959458499
2373, -35.97089029982453, 2, 5.917747016006615, 345, 1212645,                                             1000000, 1.134295500361401, 1.7942971138850503
2374, 52.291247844696045, 1, 1.9084347099997103, 103, 1212748,                                             1000000, 1.0240954704655028, 1.4636346153842592
2375, -61.28667061240412, 2, 5.316438388006645, 313, 1213061,                                             1000000, 1.1181631465308584, 1.6947846853504547
2376, -25.934627193957567, 2, 1.708947551989695, 81, 1213142,                                             1000000, 0.9937109858901413, 1.4734707489425753
2377, 49.54635849548504, 1, 4.317532714994741, 245, 1213387,                                             1000000, 1.0762977820269914, 1.8541552342930618
2378, -84.44328951835632, 2, 0.518595136993099, 30, 1213417,                                             1000000, 1.2920417050520578, 1.114865352710088
2379, 2.9781045466661453, 2, 1.7076937590027228, 88, 1213505,                                             1000000, 1.0091771087185903, 1.128527496010065
2380, 40.94947542948648, 1, 3.328831913997419, 198, 1213703,                                             1000000, 1.1365311374567977, 1.4984121084815325
2381, -27.997566523466958, 2, 1.799667033003061, 95, 1213798,                                             1000000, 0.9457611711401689, 1.505443685305746
2382, 23.46062007546425, 1, 0.7051513740007067, 30, 1213828,                                             1000000, 0.9860133032004038, 2.3264352877934775
2383, -39.35989272315055, 2, 3.511789434007369, 194, 1214022,                                             1000000, 1.0706984517500573, 1.4715804881656294
2384, 46.04451698064804, 1, 1.722899555999902, 99, 1214121,                                             1000000, 0.9423179677640549, 1.9284993991105244
2385, -46.61227331496775, 2, 3.9123286190006183, 227, 1214348,                                             1000000, 1.052178678139716, 1.4455994564531134
2386, -38.5943996636197, 2, 1.529153009003494, 88, 1214436,                                             1000000, 1.0803932479836724, 1.7557187351313503
2387, 1.6551641317782924, 2, 5.116827756995917, 302, 1214738,                                             1000000, 1.1239232115003446, 1.6514443316996492
2388, 29.10212916135788, 1, 0.7171645109920064, 39, 1214777,                                             1000000, 1.2437100089513338, 1.3294049577835279
2389, 7.813213046640158, 1, 4.716801489004865, 275, 1215052,                                             1000000, 1.0134429801594127, 1.6458850838921286
2390, -52.84396994113922, 2, 1.508337206003489, 69, 1215121,                                             1000000, 1.1604789642320164, 1.8377828865811445
2391, -34.60248862532899, 2, 1.8036919930018485, 89, 1215210,                                             1000000, 1.1786591859346025, 1.769356434599737
2392, 57.19621738791466, 1, 5.1197010339965345, 297, 1215507,                                             1000000, 1.122348491089914, 1.2960286722440109
2393, -86.97342190146446, 3, 0.9046527819882613, 37, 1215544,                                             1000000, 1.0386006219966992, 2.1048154484581305
2394, 19.135457155294716, 1, 5.117201760993339, 299, 1215843,                                             1000000, 1.0543041108643332, 1.6612147701823192
2395, 34.33647294412367, 1, 6.325712798003224, 372, 1216215,                                             1000000, 1.1244119048439047, 1.7160270687152621
2396, -78.68187355995178, 3, 0.7039320150070125, 30, 1216245,                                             1000000, 1.1221297522385916, 1.8883645256360373
2397, -36.729875691235065, 2, 1.507190272997832, 75, 1216320,                                             1000000, 1.0428291002909342, 1.0349110146363576
2398, -62.504655450582504, 2, 1.707763814003556, 81, 1216401,                                             1000000, 1.0729717726324812, 0.9918113019731309
2399, 36.638454363681376, 1, 3.7312921620032284, 231, 1216632,                                             1000000, 1.1162869563866487, 1.1175149681119176
2400, -268.3592702075839, 1, 6.117887211003108, 369, 1217001,                                             1000000, 1.0813593033368025, 1.4571528335816168
2401, -46.331979870796204, 2, 1.0032654560054652, 45, 1217046,                                             1000000, 0.9512329320112864, 1.535294845369127
2402, 35.66774589160923, 1, 3.31534178100992, 191, 1217237,                                             1000000, 0.9638442553150717, 1.5452087549638998
2403, 22.87160871247761, 1, 5.916299716001959, 355, 1217592,                                             1000000, 1.0379868141362365, 1.3310211005345196
2404, -57.25443387031555, 2, 1.5058046909980476, 75, 1217667,                                             1000000, 1.124707822004954, 1.5747951404253642
2405, 39.374467154440936, 1, 2.528300901001785, 154, 1217821,                                             1000000, 0.8982068455064451, 1.4217584733065072
2406, 52.99332042224705, 1, 3.9159237840067362, 223, 1218044,                                             1000000, 1.1228720078019283, 1.347602321828962
2407, -82.64827418327332, 3, 0.7034677799965721, 30, 1218074,                                             1000000, 1.0705383429924646, 1.2868387858072916
2408, 42.896341649466194, 1, 2.524784109002212, 147, 1218221,                                             1000000, 1.0799336660475958, 1.2288239107650964
2409, -60.25980930163496, 2, 5.716759129994898, 340, 1218561,                                             1000000, 1.0732808730181527, 1.191532557764474
2410, 51.870887489872985, 1, 3.7288783799886005, 221, 1218782,                                             1000000, 0.9720175515742323, 1.5207987762144788
2411, -44.16454353928566, 2, 0.7439287070010323, 30, 1218812,                                             1000000, 0.8454460879166921, 0.5778573751449585
2412, 24.26928350329399, 1, 0.7041908490064088, 30, 1218842,                                             1000000, 1.1970475316047668, 1.5198150644699733
2413, 19.953982327133417, 1, 4.920502401000704, 284, 1219126,                                             1000000, 1.131082895251227, 1.5085579624897998
2414, 18.149355425848626, 1, 4.7148994430026505, 273, 1219399,                                             1000000, 1.0478795949137691, 1.3760624258836984
2415, -59.895612955093384, 2, 0.9080282880022423, 31, 1219430,                                             1000000, 0.9232410769308766, 1.5417182964663352
2416, 37.935226875761145, 1, 4.330723675011541, 267, 1219697,                                             1000000, 1.0410697089598866, 1.124221088455411
2417, -74.67627811431885, 2, 0.7064241670013871, 30, 1219727,                                             1000000, 1.1552104334036508, 2.0412444084882737
2418, -23.742237601429224, 2, 1.7089012549986364, 81, 1219808,                                             1000000, 1.0184158712257574, 1.5255137468561715
2419, 43.50207351183053, 1, 3.5151910740096355, 201, 1220009,                                             1000000, 1.1036439237013385, 1.7834860200609142
2420, -12.681714272592217, 2, 4.731431457999861, 282, 1220291,                                             1000000, 1.1083717185554776, 1.1828424245224778
2421, 30.40123827557545, 1, 2.536915978998877, 134, 1220425,                                             1000000, 1.0629168268459945, 0.9543353837372651
2422, -73.41230049729347, 2, 1.3082385909947334, 61, 1220486,                                             1000000, 1.154224208143891, 1.1982692997963702
2423, 50.12504968000576, 1, 2.7263276820012834, 162, 1220648,                                             1000000, 1.2024879017729817, 1.491603719231523
2424, -10.411687360690848, 1, 5.518385668998235, 322, 1220970,                                             1000000, 1.0447213164767863, 1.0565057664369204
2425, -80.93602561950684, 2, 0.519772944986471, 30, 1221000,                                             1000000, 1.194928307334582, 1.3455661356449127
2426, 54.710621672682464, 1, 2.7108832390076714, 155, 1221155,                                             1000000, 1.1500953280156658, 1.1961055128805098
2427, -49.58562687039375, 2, 1.3085354170034407, 68, 1221223,                                             1000000, 1.1609425439554102, 0.9096435624010423
2428, -32.88371610762533, 2, 2.1088729100010823, 106, 1221329,                                             1000000, 0.9914741333363191, 1.2336306261285297
2429, 33.94804368552286, 1, 3.5149880469980417, 194, 1221523,                                             1000000, 1.0243660919752318, 0.9429610555165822
2430, 11.926623333594762, 1, 6.1218136420066, 361, 1221884,                                             1000000, 1.0825096804679595, 1.0789540949950918
2431, -82.90916228294373, 2, 0.7221416899992619, 30, 1221914,                                             1000000, 0.9445745080709458, 1.5692493547995885
2432, -43.67198095470667, 2, 1.5239253189938609, 82, 1221996,                                             1000000, 1.1898808428427068, 0.6698196530342102
2433, -62.069796085357666, 2, 1.7097181220015045, 89, 1222085,                                             1000000, 0.9547920749428567, 1.269592992375406
2434, 43.42097539734095, 1, 3.514392021999811, 197, 1222282,                                             1000000, 1.128680134182654, 1.1104582946010046
2435, -16.696708309929818, 1, 4.917030736003653, 287, 1222569,                                             1000000, 1.1226263560276828, 1.1759132558045071
2436, -71.23650575248757, 2, 1.9294891739991726, 107, 1222676,                                             1000000, 1.0861672525093935, 0.5107428540136213
